idx	label	predict	correct	time
0	4	4	1	0:00:03.098208
1	4	4	1	0:00:03.101500
2	4	4	1	0:00:03.058091
3	4	4	1	0:00:03.080256
4	4	4	1	0:00:03.020461
5	4	4	1	0:00:03.033069
6	4	4	1	0:00:03.038518
7	4	4	1	0:00:02.993159
8	4	4	1	0:00:03.028335
9	4	4	1	0:00:03.028948
10	4	4	1	0:00:03.001109
11	4	4	1	0:00:03.037656
12	4	4	1	0:00:03.035490
13	4	4	1	0:00:02.991169
14	4	4	1	0:00:03.033617
15	4	4	1	0:00:03.026003
16	4	4	1	0:00:02.997002
17	4	4	1	0:00:03.002569
18	4	4	1	0:00:03.041261
19	4	4	1	0:00:03.047261
20	4	4	1	0:00:03.036260
21	4	4	1	0:00:03.048724
22	4	4	1	0:00:03.037376
23	4	4	1	0:00:03.049050
24	4	4	1	0:00:03.032614
25	4	4	1	0:00:03.038589
26	4	4	1	0:00:03.030886
27	4	4	1	0:00:03.044389
28	4	4	1	0:00:03.028596
29	4	4	1	0:00:03.044763
30	4	4	1	0:00:03.033215
31	3	3	1	0:00:03.040533
32	3	4	0	0:00:03.027661
33	3	4	0	0:00:03.043585
34	3	3	1	0:00:03.032251
35	3	4	0	0:00:03.042560
36	3	4	0	0:00:03.031912
37	3	4	0	0:00:03.041094
38	3	4	0	0:00:03.033077
39	3	4	0	0:00:03.047251
40	3	4	0	0:00:03.029437
41	3	4	0	0:00:03.049611
42	3	4	0	0:00:03.037658
43	3	4	0	0:00:03.044472
44	3	4	0	0:00:03.033445
45	3	4	0	0:00:03.045144
46	3	4	0	0:00:03.032135
47	3	4	0	0:00:03.045062
48	3	4	0	0:00:03.032732
49	3	4	0	0:00:03.044219
50	3	4	0	0:00:03.037947
51	3	4	0	0:00:03.049859
52	3	4	0	0:00:03.034019
53	3	4	0	0:00:03.052691
54	3	4	0	0:00:03.046207
55	5	5	1	0:00:03.048933
56	5	5	1	0:00:03.041998
57	5	5	1	0:00:03.033457
58	5	5	1	0:00:03.042014
59	5	5	1	0:00:03.046662
60	5	5	1	0:00:03.051335
61	5	5	1	0:00:03.037390
62	5	5	1	0:00:03.037935
63	5	5	1	0:00:03.050378
64	5	5	1	0:00:03.049219
65	5	5	1	0:00:03.041098
66	5	5	1	0:00:03.040491
67	5	5	1	0:00:03.049761
68	5	5	1	0:00:03.053861
69	5	5	1	0:00:03.040795
70	5	5	1	0:00:03.044959
71	5	5	1	0:00:03.053454
72	5	5	1	0:00:03.055406
73	5	5	1	0:00:03.040703
74	5	5	1	0:00:03.046448
75	5	5	1	0:00:03.049720
76	5	5	1	0:00:03.055949
77	5	5	1	0:00:03.041180
78	5	5	1	0:00:03.044067
79	0	0	1	0:00:03.052154
80	0	1	0	0:00:03.053223
81	0	0	1	0:00:03.038309
82	0	0	1	0:00:03.048949
83	0	0	1	0:00:03.050442
84	0	0	1	0:00:03.051259
85	0	0	1	0:00:03.040724
86	0	0	1	0:00:03.050043
87	0	0	1	0:00:03.040896
88	0	0	1	0:00:03.051656
89	0	0	1	0:00:03.037231
90	0	0	1	0:00:03.057109
91	0	0	1	0:00:03.040148
92	0	0	1	0:00:03.055173
93	0	0	1	0:00:03.036717
94	0	0	1	0:00:03.057890
95	0	0	1	0:00:03.042289
96	0	0	1	0:00:03.050752
97	0	0	1	0:00:03.051454
98	0	0	1	0:00:01.493286
99	0	0	1	0:00:01.436868
100	0	0	1	0:00:01.428591
101	0	0	1	0:00:01.430156
102	0	0	1	0:00:01.439857
103	0	0	1	0:00:01.427609
104	0	0	1	0:00:01.425313
105	0	0	1	0:00:02.911111
106	0	0	1	0:00:02.987690
107	0	0	1	0:00:02.966894
108	0	0	1	0:00:02.978551
109	2	1	0	0:00:03.003688
110	2	1	0	0:00:02.982008
111	2	0	0	0:00:03.026598
112	2	0	0	0:00:03.037067
113	2	1	0	0:00:02.995117
114	2	0	0	0:00:03.044033
115	2	0	0	0:00:03.041159
116	2	1	0	0:00:03.030885
117	2	0	0	0:00:03.041848
118	2	0	0	0:00:03.050507
119	2	1	0	0:00:03.052078
120	2	0	0	0:00:03.009095
121	2	0	0	0:00:03.046328
122	2	0	0	0:00:03.046575
123	2	0	0	0:00:03.020955
124	2	1	0	0:00:03.051850
125	2	0	0	0:00:03.054077
126	2	0	0	0:00:03.013240
127	2	0	0	0:00:03.065158
128	2	2	1	0:00:03.078769
129	2	0	0	0:00:03.044549
130	2	0	0	0:00:03.065386
131	2	0	0	0:00:03.065808
132	2	1	0	0:00:03.033700
133	1	0	0	0:00:03.126342
134	1	0	0	0:00:03.071697
135	1	0	0	0:00:03.025662
136	1	0	0	0:00:03.046199
137	1	0	0	0:00:03.052911
138	1	0	0	0:00:03.019408
139	1	0	0	0:00:03.048861
140	1	0	0	0:00:03.036666
141	1	0	0	0:00:03.019496
142	1	0	0	0:00:03.049041
143	1	0	0	0:00:03.049863
144	1	0	0	0:00:03.021203
145	1	0	0	0:00:03.079167
146	1	0	0	0:00:03.085489
147	1	2	0	0:00:03.045853
148	1	0	0	0:00:03.056282
149	1	2	0	0:00:03.063424
150	1	2	0	0:00:03.050411
151	1	2	0	0:00:03.119234
152	1	2	0	0:00:03.054618
153	1	2	0	0:00:03.052817
154	1	0	0	0:00:03.064066
155	1	2	0	0:00:03.013062
156	1	2	0	0:00:03.045549
157	1	2	0	0:00:03.049173
158	4	4	1	0:00:03.009561
159	4	4	1	0:00:03.038128
160	4	4	1	0:00:03.044305
161	4	4	1	0:00:03.010433
162	4	4	1	0:00:03.052853
163	4	4	1	0:00:03.054911
164	4	4	1	0:00:03.094572
165	4	4	1	0:00:03.092406
166	4	4	1	0:00:03.072624
167	4	4	1	0:00:03.063281
168	4	4	1	0:00:03.083808
169	4	4	1	0:00:03.058280
170	4	4	1	0:00:03.104026
171	4	4	1	0:00:03.110594
172	4	4	1	0:00:03.064587
173	4	4	1	0:00:03.110629
174	4	4	1	0:00:03.076900
175	4	4	1	0:00:03.078313
176	4	4	1	0:00:03.077079
177	4	4	1	0:00:03.069707
178	4	4	1	0:00:03.176108
179	4	4	1	0:00:03.045211
180	4	4	1	0:00:03.101992
181	3	3	1	0:00:03.103381
182	3	3	1	0:00:03.065817
183	3	4	0	0:00:03.072115
184	3	4	0	0:00:03.071917
185	3	3	1	0:00:03.052783
186	3	3	1	0:00:03.051476
187	3	3	1	0:00:03.004048
188	3	4	0	0:00:03.034224
189	3	4	0	0:00:03.027770
190	3	3	1	0:00:02.982502
191	3	3	1	0:00:03.034011
192	3	3	1	0:00:03.009632
193	3	3	1	0:00:03.015875
194	3	4	0	0:00:03.042866
195	3	3	1	0:00:03.015019
196	3	3	1	0:00:02.987212
197	3	3	1	0:00:03.036683
198	3	3	1	0:00:03.037074
199	3	3	1	0:00:02.966165
200	3	3	1	0:00:03.011420
201	3	3	1	0:00:03.013676
202	3	3	1	0:00:02.984854
203	5	5	1	0:00:03.021191
204	5	5	1	0:00:03.022570
205	5	5	1	0:00:03.037718
206	5	5	1	0:00:03.047460
207	5	5	1	0:00:03.042402
208	5	5	1	0:00:02.988900
209	5	5	1	0:00:03.028866
210	5	5	1	0:00:03.019237
211	5	5	1	0:00:02.980566
212	5	5	1	0:00:03.027328
213	5	5	1	0:00:03.012500
214	5	5	1	0:00:02.965766
215	5	5	1	0:00:03.010817
216	5	5	1	0:00:03.011708
217	5	5	1	0:00:02.965101
218	5	5	1	0:00:03.008479
219	5	5	1	0:00:03.007487
220	5	5	1	0:00:02.988174
221	5	5	1	0:00:02.999497
222	5	5	1	0:00:03.014047
223	5	5	1	0:00:02.998619
224	5	5	1	0:00:02.975491
225	5	5	1	0:00:03.004322
226	5	5	1	0:00:03.018020
227	0	0	1	0:00:02.975909
228	0	0	1	0:00:03.017710
229	0	0	1	0:00:03.015107
230	0	0	1	0:00:02.948098
231	0	0	1	0:00:03.008186
232	0	0	1	0:00:03.000198
233	0	0	1	0:00:02.985554
234	0	0	1	0:00:03.024130
235	0	0	1	0:00:03.010324
236	0	0	1	0:00:02.970656
237	0	0	1	0:00:03.016249
238	0	0	1	0:00:03.060489
239	0	0	1	0:00:03.018460
240	0	0	1	0:00:03.042670
241	0	0	1	0:00:03.000700
242	0	0	1	0:00:03.032656
243	0	0	1	0:00:03.021440
244	0	0	1	0:00:02.962835
245	0	0	1	0:00:03.012582
246	0	0	1	0:00:03.014009
247	0	0	1	0:00:02.989752
248	0	0	1	0:00:02.988447
249	0	0	1	0:00:03.019808
250	0	0	1	0:00:03.019881
251	0	0	1	0:00:02.960269
252	0	0	1	0:00:03.019505
253	0	0	1	0:00:03.052361
254	0	0	1	0:00:02.997582
255	0	1	0	0:00:03.042141
256	2	1	0	0:00:02.999555
257	2	1	0	0:00:03.003272
258	2	2	1	0:00:03.022019
259	2	2	1	0:00:03.017193
260	2	0	0	0:00:03.023600
261	2	0	0	0:00:03.023342
262	2	2	1	0:00:02.981915
263	2	2	1	0:00:03.007278
264	2	0	0	0:00:03.031177
265	2	0	0	0:00:02.980524
266	2	0	0	0:00:02.999338
267	2	2	1	0:00:03.007667
268	2	0	0	0:00:03.001921
269	2	0	0	0:00:02.976260
270	2	0	0	0:00:03.013588
271	2	2	1	0:00:03.005571
272	2	2	1	0:00:02.953606
273	2	0	0	0:00:03.012522
274	2	0	0	0:00:03.004048
275	2	2	1	0:00:02.988718
276	2	2	1	0:00:03.044620
277	2	0	0	0:00:03.035390
278	2	0	0	0:00:03.022496
279	1	0	0	0:00:03.043994
280	1	0	0	0:00:02.997813
281	1	0	0	0:00:02.993070
282	1	0	0	0:00:03.011024
283	1	0	0	0:00:03.047682
284	1	0	0	0:00:02.984055
285	1	0	0	0:00:03.017032
286	1	0	0	0:00:03.023380
287	1	0	0	0:00:02.967608
288	1	0	0	0:00:03.018317
289	1	0	0	0:00:03.022429
290	1	1	1	0:00:02.972116
291	1	0	0	0:00:03.023385
292	1	0	0	0:00:03.014105
293	1	0	0	0:00:02.962927
294	1	0	0	0:00:03.017886
295	1	0	0	0:00:03.013474
296	1	0	0	0:00:02.968658
297	1	0	0	0:00:03.013195
298	1	0	0	0:00:03.007127
299	1	1	1	0:00:02.962733
300	1	0	0	0:00:03.003642
301	1	0	0	0:00:03.014826
302	4	4	1	0:00:03.008168
303	4	4	1	0:00:03.051085
304	4	4	1	0:00:03.033475
305	4	3	0	0:00:02.983599
306	4	4	1	0:00:03.020370
307	4	4	1	0:00:03.011477
308	4	3	0	0:00:02.996555
309	4	3	0	0:00:03.034000
310	4	4	1	0:00:03.020489
311	4	4	1	0:00:03.029764
312	4	4	1	0:00:03.011839
313	4	4	1	0:00:02.998190
314	4	4	1	0:00:02.985892
315	4	4	1	0:00:03.008838
316	4	4	1	0:00:03.008230
317	4	3	0	0:00:02.974611
318	4	4	1	0:00:02.991484
319	4	4	1	0:00:03.052809
320	4	4	1	0:00:03.052399
321	4	4	1	0:00:03.058260
322	4	4	1	0:00:03.045961
323	4	4	1	0:00:03.046329
324	4	3	0	0:00:03.045515
325	4	3	0	0:00:03.037156
326	4	3	0	0:00:03.039485
327	4	3	0	0:00:03.041256
328	4	4	1	0:00:03.047120
329	4	4	1	0:00:03.032895
330	3	3	1	0:00:03.040050
331	3	3	1	0:00:03.041256
332	3	3	1	0:00:03.059967
333	3	3	1	0:00:03.028656
334	3	3	1	0:00:03.044994
335	3	3	1	0:00:03.051887
336	3	3	1	0:00:03.040946
337	3	3	1	0:00:03.031796
338	3	3	1	0:00:03.043564
339	3	3	1	0:00:03.051324
340	3	3	1	0:00:03.050505
341	3	3	1	0:00:03.036147
342	3	3	1	0:00:03.039638
343	3	3	1	0:00:03.046664
344	3	3	1	0:00:03.049715
345	3	4	0	0:00:03.028157
346	3	4	0	0:00:03.042859
347	3	4	0	0:00:03.043909
348	3	4	0	0:00:03.097258
349	3	4	0	0:00:03.070781
350	3	4	0	0:00:03.065929
351	3	4	0	0:00:03.062440
352	3	4	0	0:00:03.061358
353	3	3	1	0:00:03.046154
354	5	5	1	0:00:03.048008
355	5	5	1	0:00:03.052209
356	5	5	1	0:00:03.056104
357	5	5	1	0:00:03.043032
358	5	5	1	0:00:03.031597
359	5	5	1	0:00:03.050203
360	5	5	1	0:00:03.054369
361	5	5	1	0:00:03.037346
362	5	5	1	0:00:03.046309
363	5	5	1	0:00:03.049564
364	5	5	1	0:00:03.058299
365	5	5	1	0:00:03.047778
366	5	5	1	0:00:03.045318
367	5	5	1	0:00:03.053252
368	5	5	1	0:00:03.053195
369	5	5	1	0:00:03.040839
370	5	5	1	0:00:03.046780
371	5	5	1	0:00:03.049932
372	5	5	1	0:00:03.048991
373	5	5	1	0:00:03.039816
374	5	5	1	0:00:03.046100
375	5	5	1	0:00:03.053975
376	5	5	1	0:00:03.050349
377	5	5	1	0:00:03.044431
378	5	5	1	0:00:03.046137
379	5	5	1	0:00:03.052492
380	5	5	1	0:00:03.055523
381	5	5	1	0:00:03.036791
382	5	5	1	0:00:03.056174
383	5	5	1	0:00:03.044668
384	0	0	1	0:00:03.049676
385	0	0	1	0:00:03.039588
386	0	0	1	0:00:03.059015
387	0	0	1	0:00:03.046110
388	0	0	1	0:00:03.057303
389	0	0	1	0:00:03.036762
390	0	0	1	0:00:03.058063
391	0	0	1	0:00:03.041469
392	0	0	1	0:00:03.052193
393	0	0	1	0:00:03.039630
394	0	0	1	0:00:03.058143
395	0	0	1	0:00:03.042420
396	0	0	1	0:00:03.056086
397	0	0	1	0:00:03.055583
398	0	0	1	0:00:02.807835
399	0	0	1	0:00:01.447727
400	0	1	0	0:00:01.439047
401	0	0	1	0:00:01.511796
402	0	0	1	0:00:01.433837
403	0	0	1	0:00:01.438563
404	0	0	1	0:00:01.436036
405	0	0	1	0:00:01.877358
406	0	0	1	0:00:02.937464
407	0	0	1	0:00:02.972313
408	0	0	1	0:00:02.971352
409	0	0	1	0:00:02.978662
410	0	0	1	0:00:03.023598
411	0	0	1	0:00:03.009000
412	0	0	1	0:00:02.966108
413	0	0	1	0:00:03.028076
414	0	0	1	0:00:03.034210
415	2	1	0	0:00:02.995600
416	2	0	0	0:00:03.021416
417	2	2	1	0:00:03.043203
418	2	1	0	0:00:02.995213
419	2	1	0	0:00:03.073792
420	2	0	0	0:00:03.033249
421	2	0	0	0:00:03.030116
422	2	0	0	0:00:03.035184
423	2	2	1	0:00:03.072520
424	2	2	1	0:00:03.082701
425	2	0	0	0:00:03.134972
426	2	0	0	0:00:03.064963
427	2	1	0	0:00:03.014804
428	2	1	0	0:00:03.035146
429	2	2	1	0:00:03.049237
430	2	0	0	0:00:03.039425
431	2	0	0	0:00:03.072607
432	2	2	1	0:00:03.028226
433	2	2	1	0:00:03.017147
434	2	2	1	0:00:03.042749
435	2	2	1	0:00:03.042384
436	2	0	0	0:00:03.028084
437	2	1	0	0:00:02.989862
438	1	1	1	0:00:03.041407
439	1	1	1	0:00:03.046531
440	1	1	1	0:00:02.985934
441	1	1	1	0:00:03.068059
442	1	0	0	0:00:03.031664
443	1	0	0	0:00:03.129167
444	1	0	0	0:00:03.024266
445	1	0	0	0:00:03.029575
446	1	0	0	0:00:02.989100
447	1	0	0	0:00:03.028193
448	1	0	0	0:00:03.006883
449	1	1	1	0:00:02.958663
450	1	0	0	0:00:03.026150
451	1	0	0	0:00:03.019360
452	1	0	0	0:00:02.980510
453	1	0	0	0:00:03.033231
454	1	0	0	0:00:03.052494
455	1	0	0	0:00:02.982413
456	1	0	0	0:00:03.020920
457	1	0	0	0:00:03.022172
458	1	1	1	0:00:02.995475
459	1	1	1	0:00:03.008751
460	1	0	0	0:00:03.023226
461	1	0	0	0:00:03.017234
462	1	0	0	0:00:02.981427
463	1	0	0	0:00:03.021464
464	1	0	0	0:00:03.020850
465	1	2	0	0:00:02.969179
466	4	2	0	0:00:03.014876
467	4	4	1	0:00:03.025603
468	4	4	1	0:00:02.979779
469	4	4	1	0:00:03.016031
470	4	3	0	0:00:03.018768
471	4	3	0	0:00:02.975009
472	4	3	0	0:00:03.016311
473	4	3	0	0:00:03.022150
474	4	3	0	0:00:02.972697
475	4	3	0	0:00:03.014676
476	4	3	0	0:00:03.025237
477	4	3	0	0:00:02.988624
478	4	3	0	0:00:03.016679
479	4	4	1	0:00:03.021763
480	4	4	1	0:00:02.969236
481	4	4	1	0:00:03.046913
482	4	3	0	0:00:03.071375
483	4	4	1	0:00:02.973063
484	4	3	0	0:00:03.019054
485	4	3	0	0:00:03.037003
486	4	4	1	0:00:03.016423
487	4	4	1	0:00:03.047658
488	4	3	0	0:00:03.014321
489	4	4	1	0:00:02.962280
490	4	4	1	0:00:03.057473
491	4	4	1	0:00:03.027686
492	4	4	1	0:00:02.974833
493	4	4	1	0:00:03.023993
494	3	3	1	0:00:03.023522
495	3	3	1	0:00:02.960762
496	3	3	1	0:00:03.014589
497	3	3	1	0:00:03.014286
498	3	3	1	0:00:02.984959
499	3	3	1	0:00:03.026107
500	3	3	1	0:00:03.019681
501	3	3	1	0:00:02.982202
502	3	3	1	0:00:03.024717
503	3	3	1	0:00:03.032641
504	3	3	1	0:00:02.971035
505	3	3	1	0:00:03.012087
506	3	3	1	0:00:03.029625
507	3	3	1	0:00:03.016375
508	3	3	1	0:00:03.015964
509	3	3	1	0:00:03.019839
510	3	3	1	0:00:03.117146
511	3	4	0	0:00:03.013510
512	3	4	0	0:00:03.017938
513	3	4	0	0:00:02.984537
514	3	3	1	0:00:03.012323
515	3	3	1	0:00:03.014021
516	3	3	1	0:00:02.967460
517	3	3	1	0:00:03.013344
518	3	3	1	0:00:03.008173
519	3	4	0	0:00:02.971748
520	5	5	1	0:00:03.050227
521	5	5	1	0:00:03.009501
522	5	5	1	0:00:02.970131
523	5	5	1	0:00:03.022991
524	5	5	1	0:00:03.016349
525	5	5	1	0:00:02.965835
526	5	5	1	0:00:03.015794
527	5	5	1	0:00:03.013335
528	5	5	1	0:00:02.983209
529	5	5	1	0:00:03.012508
530	5	5	1	0:00:03.023766
531	5	5	1	0:00:03.012824
532	5	5	1	0:00:03.040579
533	5	5	1	0:00:03.047059
534	5	5	1	0:00:02.978930
535	5	5	1	0:00:03.036595
536	5	5	1	0:00:03.021399
537	5	5	1	0:00:02.964109
538	5	5	1	0:00:03.020970
539	5	5	1	0:00:03.035189
540	5	5	1	0:00:02.983801
541	5	5	1	0:00:03.046187
542	5	5	1	0:00:03.113188
543	5	5	1	0:00:03.059543
544	0	0	1	0:00:03.004153
545	0	0	1	0:00:02.975296
546	0	0	1	0:00:03.104892
547	0	0	1	0:00:03.044286
548	0	0	1	0:00:02.960593
549	0	0	1	0:00:03.050102
550	0	0	1	0:00:03.182206
551	0	0	1	0:00:03.272974
552	0	0	1	0:00:02.987646
553	0	0	1	0:00:02.979188
554	0	0	1	0:00:03.033805
555	0	0	1	0:00:03.033798
556	0	0	1	0:00:02.963149
557	0	0	1	0:00:03.097592
558	0	2	0	0:00:03.027836
559	0	1	0	0:00:03.085120
560	0	0	1	0:00:03.013258
561	0	0	1	0:00:02.988860
562	0	0	1	0:00:03.005436
563	0	0	1	0:00:03.035513
564	0	0	1	0:00:02.963603
565	0	0	1	0:00:03.019531
566	0	0	1	0:00:03.021975
567	0	0	1	0:00:02.969568
568	0	0	1	0:00:02.989503
569	0	0	1	0:00:03.031768
570	0	0	1	0:00:03.018188
571	0	0	1	0:00:03.024042
572	0	0	1	0:00:03.026280
573	2	0	0	0:00:03.022485
574	2	0	0	0:00:03.101226
575	2	2	1	0:00:03.063452
576	2	2	1	0:00:02.962724
577	2	0	0	0:00:03.090508
578	2	0	0	0:00:03.091077
579	2	1	0	0:00:03.079697
580	2	0	0	0:00:03.010964
581	2	0	0	0:00:02.990474
582	2	0	0	0:00:03.096008
583	2	2	1	0:00:03.068393
584	2	2	1	0:00:03.002863
585	2	2	1	0:00:03.039326
586	2	2	1	0:00:03.047163
587	2	1	0	0:00:03.056935
588	2	0	0	0:00:03.035366
589	2	2	1	0:00:03.026189
590	2	2	1	0:00:03.071768
591	2	2	1	0:00:03.097216
592	2	0	0	0:00:02.997803
593	2	0	0	0:00:03.049810
594	2	0	0	0:00:03.035117
595	1	1	1	0:00:03.076235
596	1	1	1	0:00:03.038185
597	1	1	1	0:00:03.008603
598	1	0	0	0:00:03.033425
599	1	0	0	0:00:03.051072
600	1	0	0	0:00:03.000397
601	1	0	0	0:00:03.054925
602	1	2	0	0:00:03.060447
603	1	1	1	0:00:03.018234
604	1	0	0	0:00:03.032297
605	1	0	0	0:00:03.032361
606	1	0	0	0:00:03.009265
607	1	0	0	0:00:03.047240
608	1	0	0	0:00:03.034452
609	1	0	0	0:00:02.999693
610	1	0	0	0:00:03.037805
611	1	1	1	0:00:03.020359
612	1	1	1	0:00:03.022394
613	1	1	1	0:00:03.054673
614	1	0	0	0:00:03.022222
615	1	0	0	0:00:03.055638
616	1	0	0	0:00:03.029612
617	1	0	0	0:00:02.989276
618	1	0	0	0:00:03.046180
619	4	3	0	0:00:03.026802
620	4	4	1	0:00:03.042060
621	4	4	1	0:00:03.052103
622	4	3	0	0:00:03.051374
623	4	3	0	0:00:03.219736
624	4	4	1	0:00:03.229202
625	4	4	1	0:00:03.164708
626	4	4	1	0:00:03.288966
627	4	4	1	0:00:03.063405
628	4	4	1	0:00:03.040606
629	4	3	0	0:00:03.060493
630	4	3	0	0:00:03.054655
631	4	4	1	0:00:03.095995
632	4	4	1	0:00:03.040089
633	4	4	1	0:00:03.101882
634	4	4	1	0:00:03.055026
635	4	4	1	0:00:03.038322
636	4	4	1	0:00:03.045248
637	4	4	1	0:00:03.043674
638	4	4	1	0:00:03.027261
639	4	3	0	0:00:03.039402
640	4	3	0	0:00:03.048290
641	3	3	1	0:00:03.044568
642	3	3	1	0:00:03.032408
643	3	3	1	0:00:03.036534
644	3	4	0	0:00:03.041835
645	3	4	0	0:00:03.045346
646	3	4	0	0:00:03.029524
647	3	4	0	0:00:03.032886
648	3	4	0	0:00:03.058017
649	3	4	0	0:00:03.075523
650	3	4	0	0:00:03.034358
651	3	4	0	0:00:03.037509
652	3	3	1	0:00:03.047701
653	3	3	1	0:00:03.048690
654	3	4	0	0:00:03.029992
655	3	4	0	0:00:03.035047
656	3	4	0	0:00:03.046914
657	3	4	0	0:00:03.048272
658	3	4	0	0:00:03.012847
659	3	4	0	0:00:03.041596
660	3	4	0	0:00:03.047530
661	3	3	1	0:00:03.044036
662	3	3	1	0:00:03.031865
663	3	4	0	0:00:03.043779
664	3	4	0	0:00:03.052182
665	3	4	0	0:00:03.050889
666	5	5	1	0:00:03.315828
667	5	5	1	0:00:03.033073
668	5	5	1	0:00:03.045157
669	5	5	1	0:00:03.048206
670	5	5	1	0:00:03.027851
671	5	5	1	0:00:03.038673
672	5	5	1	0:00:03.044985
673	5	5	1	0:00:03.042461
674	5	5	1	0:00:03.040654
675	5	5	1	0:00:03.035832
676	5	5	1	0:00:03.043457
677	5	5	1	0:00:03.052913
678	5	5	1	0:00:03.036332
679	5	5	1	0:00:03.044043
680	5	5	1	0:00:03.062334
681	5	5	1	0:00:03.045025
682	5	5	1	0:00:03.040479
683	5	5	1	0:00:03.042229
684	5	5	1	0:00:03.048918
685	5	5	1	0:00:03.049955
686	5	5	1	0:00:03.040149
687	5	5	1	0:00:03.051244
688	5	5	1	0:00:03.040898
689	5	5	1	0:00:03.049169
690	0	0	1	0:00:03.029980
691	0	0	1	0:00:03.054329
692	0	0	1	0:00:03.045004
693	0	0	1	0:00:03.050270
694	0	0	1	0:00:03.038788
695	0	0	1	0:00:03.047706
696	0	0	1	0:00:03.039244
697	0	0	1	0:00:03.052708
698	0	0	1	0:00:03.049283
699	0	0	1	0:00:01.516154
700	0	0	1	0:00:01.458793
701	0	0	1	0:00:01.455390
702	0	0	1	0:00:01.452478
703	0	2	0	0:00:01.453013
704	0	2	0	0:00:01.442130
705	0	0	1	0:00:01.437396
706	0	0	1	0:00:02.512876
707	0	0	1	0:00:02.970826
708	0	0	1	0:00:02.992284
709	0	0	1	0:00:02.987394
710	0	0	1	0:00:02.974576
711	0	0	1	0:00:03.025422
712	0	0	1	0:00:03.028478
713	0	0	1	0:00:03.004528
714	0	0	1	0:00:03.046414
715	0	0	1	0:00:03.063249
716	2	1	0	0:00:03.066112
717	2	0	0	0:00:03.079999
718	2	0	0	0:00:03.059338
719	2	0	0	0:00:03.019456
720	2	0	0	0:00:03.053151
721	2	0	0	0:00:03.181368
722	2	0	0	0:00:03.272249
723	1	2	0	0:00:03.236599
724	1	0	0	0:00:03.044507
725	1	1	1	0:00:03.051087
726	1	0	0	0:00:03.059219
727	1	0	0	0:00:03.050035
728	1	0	0	0:00:03.090354
729	1	0	0	0:00:03.223819
730	1	0	0	0:00:03.085394
731	1	0	0	0:00:03.059153
732	1	1	1	0:00:03.035263
733	2	0	0	0:00:03.062806
734	2	0	0	0:00:03.074145
735	2	0	0	0:00:03.060189
736	2	0	0	0:00:03.069820
737	2	0	0	0:00:03.071845
738	2	0	0	0:00:03.042943
739	1	0	0	0:00:03.071797
740	1	0	0	0:00:03.045356
741	1	0	0	0:00:03.028231
742	1	0	0	0:00:03.083171
743	1	0	0	0:00:03.081255
744	1	0	0	0:00:03.000896
745	1	0	0	0:00:03.065256
746	1	2	0	0:00:03.058906
747	2	0	0	0:00:03.080362
748	2	0	0	0:00:03.076329
749	2	0	0	0:00:03.074158
750	2	2	1	0:00:03.096295
751	2	2	1	0:00:03.088570
752	2	0	0	0:00:03.050137
753	2	0	0	0:00:03.079140
754	2	2	1	0:00:03.077265
755	1	2	0	0:00:03.064177
756	1	2	0	0:00:03.074875
757	1	0	0	0:00:03.074348
758	1	0	0	0:00:03.061912
759	1	0	0	0:00:03.076553
760	1	0	0	0:00:03.049120
761	1	0	0	0:00:03.076423
762	1	0	0	0:00:03.074296
763	4	3	0	0:00:03.026774
764	4	3	0	0:00:03.037109
765	4	3	0	0:00:03.038532
766	4	3	0	0:00:03.003715
767	4	4	1	0:00:03.088509
768	4	4	1	0:00:03.086182
769	4	4	1	0:00:03.070948
770	4	4	1	0:00:03.064373
771	4	4	1	0:00:03.069094
772	4	4	1	0:00:03.041148
773	4	4	1	0:00:03.078366
774	4	4	1	0:00:03.044525
775	4	3	0	0:00:03.068907
776	4	4	1	0:00:03.039106
777	4	4	1	0:00:03.037931
778	4	4	1	0:00:03.067784
779	4	3	0	0:00:03.060201
780	4	3	0	0:00:03.011307
781	4	3	0	0:00:03.045921
782	4	4	1	0:00:03.047970
783	4	4	1	0:00:03.008258
784	4	4	1	0:00:03.037284
785	4	4	1	0:00:03.035957
786	3	4	0	0:00:03.015898
787	3	4	0	0:00:03.041019
788	3	4	0	0:00:03.017184
789	3	4	0	0:00:03.024233
790	3	4	0	0:00:03.043009
791	3	4	0	0:00:03.012421
792	3	0	0	0:00:03.036743
793	3	4	0	0:00:03.028266
794	3	3	1	0:00:03.017075
795	3	3	1	0:00:03.025162
796	3	4	0	0:00:03.037964
797	3	4	0	0:00:03.024343
798	3	3	1	0:00:03.073981
799	3	3	1	0:00:03.058365
800	3	3	1	0:00:02.994226
801	3	4	0	0:00:03.064868
802	3	4	0	0:00:03.058044
803	3	4	0	0:00:03.013210
804	3	4	0	0:00:03.036563
805	3	4	0	0:00:03.036506
806	3	3	1	0:00:03.048192
807	3	3	1	0:00:03.064260
808	3	3	1	0:00:03.020606
809	3	4	0	0:00:03.026361
810	3	4	0	0:00:03.047095
811	5	5	1	0:00:03.036181
812	5	5	1	0:00:03.025264
813	5	5	1	0:00:03.044834
814	5	5	1	0:00:03.023466
815	5	5	1	0:00:03.051531
816	5	5	1	0:00:03.039865
817	5	5	1	0:00:03.009509
818	5	5	1	0:00:03.040310
819	5	5	1	0:00:03.047647
820	5	5	1	0:00:03.001190
821	5	5	1	0:00:03.038913
822	5	5	1	0:00:03.032950
823	5	5	1	0:00:03.002763
824	5	5	1	0:00:03.046828
825	5	5	1	0:00:03.038810
826	5	5	1	0:00:03.003664
827	5	5	1	0:00:03.048495
828	5	5	1	0:00:03.034314
829	5	5	1	0:00:03.001839
830	5	5	1	0:00:03.035445
831	5	5	1	0:00:03.005671
832	5	5	1	0:00:03.031823
833	5	5	1	0:00:03.033521
834	5	5	1	0:00:03.005453
835	5	5	1	0:00:03.024838
836	5	5	1	0:00:03.032366
837	0	2	0	0:00:02.998923
838	0	0	1	0:00:03.036363
839	0	0	1	0:00:03.037772
840	0	0	1	0:00:03.008895
841	0	0	1	0:00:03.036266
842	0	0	1	0:00:03.043051
843	0	0	1	0:00:03.001954
844	0	0	1	0:00:03.030720
845	0	0	1	0:00:03.033460
846	0	0	1	0:00:02.986146
847	0	0	1	0:00:03.033349
848	0	0	1	0:00:03.030653
849	0	0	1	0:00:02.992915
850	0	0	1	0:00:03.022500
851	0	0	1	0:00:03.025488
852	0	0	1	0:00:02.996047
853	0	0	1	0:00:03.029445
854	0	0	1	0:00:03.027572
855	0	0	1	0:00:02.994190
856	0	0	1	0:00:03.029433
857	0	0	1	0:00:03.031872
858	0	0	1	0:00:03.021058
859	0	0	1	0:00:03.062251
860	0	0	1	0:00:03.018678
861	0	0	1	0:00:03.024558
862	0	0	1	0:00:03.049397
863	2	0	0	0:00:02.999376
864	2	0	0	0:00:03.039935
865	2	0	0	0:00:03.047840
866	2	0	0	0:00:03.031962
867	2	2	1	0:00:03.035854
868	2	2	1	0:00:03.016300
869	2	0	0	0:00:03.041431
870	2	0	0	0:00:03.057947
871	2	0	0	0:00:03.048414
872	2	0	0	0:00:02.997712
873	2	0	0	0:00:03.044126
874	2	0	0	0:00:03.034501
875	2	0	0	0:00:03.019107
876	2	0	0	0:00:03.025906
877	1	2	0	0:00:03.009417
878	1	2	0	0:00:03.028538
879	1	0	0	0:00:03.034204
880	1	1	1	0:00:02.997411
881	1	0	0	0:00:03.033723
882	1	0	0	0:00:03.035936
883	1	0	0	0:00:03.003459
884	1	0	0	0:00:03.040693
885	1	2	0	0:00:03.032568
886	1	2	0	0:00:02.995653
887	1	0	0	0:00:03.032145
888	1	0	0	0:00:03.030653
889	1	0	0	0:00:02.998480
890	1	0	0	0:00:03.061064
891	1	0	0	0:00:03.065328
892	1	0	0	0:00:02.993879
893	1	0	0	0:00:03.038746
894	1	0	0	0:00:03.041564
895	1	0	0	0:00:03.054912
896	1	0	0	0:00:03.035249
897	1	0	0	0:00:03.008805
898	1	0	0	0:00:03.048198
899	1	0	0	0:00:03.071044
900	2	0	0	0:00:03.019608
901	2	0	0	0:00:03.049778
902	2	0	0	0:00:03.063070
903	2	0	0	0:00:03.011147
904	2	0	0	0:00:03.034737
905	2	0	0	0:00:03.049383
906	2	0	0	0:00:03.043558
907	4	4	1	0:00:03.043156
908	4	4	1	0:00:03.004291
909	4	4	1	0:00:03.039465
910	4	4	1	0:00:03.067524
911	4	4	1	0:00:03.020014
912	4	4	1	0:00:03.028867
913	4	4	1	0:00:03.041784
914	4	3	0	0:00:03.014089
915	4	3	0	0:00:03.036928
916	4	4	1	0:00:03.024685
917	4	4	1	0:00:03.023900
918	4	4	1	0:00:03.044468
919	4	4	1	0:00:03.068027
920	4	4	1	0:00:03.048615
921	4	4	1	0:00:03.034374
922	4	4	1	0:00:03.044715
923	4	4	1	0:00:03.054250
924	4	3	0	0:00:03.047137
925	4	4	1	0:00:03.033082
926	4	4	1	0:00:03.043295
927	4	4	1	0:00:03.040061
928	4	4	1	0:00:03.044448
929	4	4	1	0:00:03.029549
930	3	3	1	0:00:03.036856
931	3	3	1	0:00:03.045080
932	3	3	1	0:00:03.043619
933	3	3	1	0:00:03.033862
934	3	3	1	0:00:03.036503
935	3	3	1	0:00:03.036632
936	3	3	1	0:00:03.042509
937	3	3	1	0:00:03.002785
938	3	3	1	0:00:03.027879
939	3	3	1	0:00:03.030984
940	3	3	1	0:00:03.034578
941	3	3	1	0:00:03.016023
942	3	3	1	0:00:03.038203
943	3	3	1	0:00:03.017261
944	3	3	1	0:00:03.032724
945	3	3	1	0:00:03.018572
946	3	3	1	0:00:03.034031
947	3	3	1	0:00:03.025939
948	3	3	1	0:00:03.031622
949	3	3	1	0:00:03.042179
950	3	3	1	0:00:03.037929
951	3	3	1	0:00:03.032490
952	3	3	1	0:00:03.046164
953	3	3	1	0:00:03.045434
954	5	5	1	0:00:03.034816
955	5	5	1	0:00:03.033128
956	5	5	1	0:00:03.051476
957	5	5	1	0:00:03.047975
958	5	5	1	0:00:03.020694
959	5	5	1	0:00:03.039116
960	5	5	1	0:00:03.054580
961	5	5	1	0:00:03.043991
962	5	5	1	0:00:03.034994
963	5	5	1	0:00:03.044642
964	5	5	1	0:00:03.046823
965	5	5	1	0:00:03.047983
966	5	5	1	0:00:03.035058
967	5	5	1	0:00:03.043274
968	5	5	1	0:00:03.046414
969	5	0	0	0:00:03.047845
970	5	0	0	0:00:03.029142
971	5	5	1	0:00:03.035163
972	5	5	1	0:00:03.039779
973	5	5	1	0:00:03.048075
974	5	5	1	0:00:03.034613
975	5	5	1	0:00:03.042213
976	5	5	1	0:00:03.028993
977	5	5	1	0:00:03.041173
978	5	5	1	0:00:03.017572
979	5	5	1	0:00:03.043180
980	5	5	1	0:00:03.028882
981	5	5	1	0:00:03.041459
982	5	5	1	0:00:03.042912
983	5	5	1	0:00:03.026424
984	5	5	1	0:00:03.025409
985	0	0	1	0:00:03.042774
986	0	0	1	0:00:03.040825
987	0	0	1	0:00:03.048033
988	0	0	1	0:00:03.057616
989	0	0	1	0:00:03.050023
990	0	0	1	0:00:03.053283
991	0	0	1	0:00:03.035926
992	0	0	1	0:00:03.030751
993	0	0	1	0:00:03.052436
994	0	0	1	0:00:03.061338
995	0	0	1	0:00:03.041254
996	0	0	1	0:00:03.044098
997	0	0	1	0:00:03.046210
998	0	0	1	0:00:03.054697
999	0	0	1	0:00:01.654600
1000	0	0	1	0:00:01.440840
1001	0	0	1	0:00:01.432654
1002	0	0	1	0:00:01.466826
1003	0	0	1	0:00:01.478009
1004	0	0	1	0:00:01.473138
1005	0	0	1	0:00:01.468116
1006	0	0	1	0:00:02.755052
1007	0	0	1	0:00:02.978908
1008	0	0	1	0:00:02.995043
1009	0	0	1	0:00:02.975362
1010	0	0	1	0:00:03.053254
1011	0	0	1	0:00:03.038058
1012	2	0	0	0:00:02.992355
1013	2	2	1	0:00:03.058690
1014	2	2	1	0:00:03.070847
1015	2	2	1	0:00:03.055743
1016	2	2	1	0:00:03.057294
1017	2	0	0	0:00:03.048731
1018	2	0	0	0:00:03.068407
1019	2	0	0	0:00:03.069941
1020	2	0	0	0:00:03.024585
1021	2	2	1	0:00:03.044199
1022	2	2	1	0:00:03.054275
1023	2	2	1	0:00:03.061816
1024	2	0	0	0:00:03.036993
1025	2	0	0	0:00:03.061886
1026	2	0	0	0:00:03.064109
1027	2	2	1	0:00:03.022540
1028	2	0	0	0:00:03.051970
1029	2	0	0	0:00:03.052674
1030	2	0	0	0:00:03.013647
1031	1	0	0	0:00:03.054129
1032	1	0	0	0:00:03.037324
1033	1	0	0	0:00:03.001678
1034	1	0	0	0:00:03.051382
1035	1	0	0	0:00:03.059655
1036	1	0	0	0:00:03.007445
1037	1	0	0	0:00:03.053888
1038	1	0	0	0:00:03.049652
1039	1	0	0	0:00:03.016469
1040	1	0	0	0:00:03.041457
1041	1	0	0	0:00:03.059182
1042	1	0	0	0:00:03.021601
1043	1	0	0	0:00:03.049954
1044	1	0	0	0:00:03.030273
1045	1	0	0	0:00:03.003130
1046	1	0	0	0:00:03.044056
1047	1	0	0	0:00:03.052598
1048	1	0	0	0:00:03.011506
1049	1	0	0	0:00:03.042642
1050	1	2	0	0:00:03.049010
1051	1	0	0	0:00:03.013418
1052	1	0	0	0:00:03.046685
1053	1	2	0	0:00:03.049932
1054	4	4	1	0:00:03.005634
1055	4	4	1	0:00:03.039443
1056	4	4	1	0:00:03.047113
1057	4	3	0	0:00:03.008595
1058	4	3	0	0:00:03.042424
1059	4	3	0	0:00:03.044826
1060	4	3	0	0:00:03.006967
1061	4	3	0	0:00:03.038205
1062	4	3	0	0:00:03.052547
1063	4	3	0	0:00:03.019381
1064	4	3	0	0:00:03.040613
1065	4	3	0	0:00:03.047017
1066	4	3	0	0:00:02.996041
1067	4	3	0	0:00:03.044488
1068	4	3	0	0:00:03.034396
1069	4	4	1	0:00:03.007615
1070	4	4	1	0:00:03.040015
1071	4	3	0	0:00:03.046126
1072	4	4	1	0:00:02.986299
1073	4	3	0	0:00:03.024457
1074	4	3	0	0:00:03.063345
1075	3	4	0	0:00:03.030851
1076	3	4	0	0:00:03.029044
1077	3	4	0	0:00:03.046084
1078	3	4	0	0:00:03.022233
1079	3	4	0	0:00:03.049105
1080	3	4	0	0:00:03.040215
1081	3	4	0	0:00:03.017775
1082	3	4	0	0:00:03.047772
1083	3	4	0	0:00:03.046476
1084	3	4	0	0:00:03.012743
1085	3	4	0	0:00:03.043384
1086	3	4	0	0:00:03.035123
1087	3	4	0	0:00:03.046227
1088	3	4	0	0:00:03.038945
1089	3	4	0	0:00:03.006221
1090	3	4	0	0:00:03.045426
1091	3	4	0	0:00:03.040755
1092	3	4	0	0:00:02.992729
1093	3	4	0	0:00:03.035516
1094	3	3	1	0:00:03.034608
1095	3	3	1	0:00:03.001087
1096	3	4	0	0:00:03.033847
1097	3	3	1	0:00:03.042450
1098	3	3	1	0:00:03.008546
1099	3	4	0	0:00:03.040259
1100	3	3	1	0:00:03.035527
1101	3	3	1	0:00:03.007560
1102	3	3	1	0:00:03.014144
1103	3	3	1	0:00:03.029792
1104	3	3	1	0:00:02.998675
1105	5	5	1	0:00:03.028108
1106	5	3	0	0:00:03.020283
1107	5	3	0	0:00:02.997683
1108	5	3	0	0:00:03.032775
1109	5	3	0	0:00:03.039130
1110	5	3	0	0:00:03.000550
1111	5	3	0	0:00:03.021218
1112	5	3	0	0:00:03.036597
1113	5	3	0	0:00:02.989955
1114	5	3	0	0:00:03.025049
1115	5	3	0	0:00:03.032884
1116	5	3	0	0:00:03.002815
1117	5	3	0	0:00:03.030421
1118	5	3	0	0:00:03.044955
1119	5	3	0	0:00:03.005230
1120	5	3	0	0:00:03.037268
1121	5	3	0	0:00:03.037395
1122	5	3	0	0:00:03.003719
1123	5	3	0	0:00:03.027158
1124	5	3	0	0:00:03.026371
1125	5	3	0	0:00:03.004270
1126	5	3	0	0:00:03.045042
1127	5	3	0	0:00:03.064109
1128	5	3	0	0:00:03.013371
1129	5	3	0	0:00:03.056948
1130	5	3	0	0:00:03.044642
1131	5	3	0	0:00:03.035221
1132	0	0	1	0:00:03.041784
1133	0	0	1	0:00:03.034882
1134	0	0	1	0:00:03.096488
1135	0	0	1	0:00:03.092319
1136	0	0	1	0:00:02.992781
1137	0	0	1	0:00:03.068133
1138	0	0	1	0:00:03.067644
1139	0	0	1	0:00:03.029804
1140	0	0	1	0:00:03.080640
1141	0	0	1	0:00:03.056135
1142	0	0	1	0:00:03.078022
1143	0	0	1	0:00:03.082781
1144	0	0	1	0:00:03.054702
1145	0	0	1	0:00:03.074743
1146	0	0	1	0:00:03.059368
1147	0	0	1	0:00:03.018183
1148	0	0	1	0:00:03.035587
1149	0	0	1	0:00:03.037025
1150	0	0	1	0:00:03.015255
1151	0	0	1	0:00:03.027264
1152	0	0	1	0:00:03.029938
1153	0	0	1	0:00:03.010637
1154	0	0	1	0:00:03.032691
1155	0	0	1	0:00:03.008675
1156	0	0	1	0:00:03.022658
1157	0	0	1	0:00:03.052214
1158	2	0	0	0:00:02.986710
1159	2	2	1	0:00:03.053258
1160	2	2	1	0:00:03.045136
1161	2	0	0	0:00:02.998966
1162	2	0	0	0:00:03.039391
1163	2	1	0	0:00:03.025010
1164	2	0	0	0:00:02.997515
1165	2	0	0	0:00:03.026939
1166	2	2	1	0:00:03.027366
1167	2	2	1	0:00:03.004492
1168	2	2	1	0:00:03.078429
1169	2	0	0	0:00:03.052354
1170	2	0	0	0:00:03.044685
1171	2	0	0	0:00:03.060227
1172	2	0	0	0:00:03.031094
1173	2	0	0	0:00:03.016449
1174	2	0	0	0:00:03.042013
1175	2	0	0	0:00:03.021181
1176	2	0	0	0:00:03.027171
1177	1	0	0	0:00:03.050094
1178	1	0	0	0:00:03.018333
1179	1	1	1	0:00:03.045679
1180	1	0	0	0:00:03.041772
1181	1	2	0	0:00:03.025619
1182	1	2	0	0:00:03.056380
1183	1	0	0	0:00:03.046053
1184	1	0	0	0:00:03.005692
1185	1	0	0	0:00:03.054408
1186	1	0	0	0:00:03.044691
1187	1	0	0	0:00:03.044299
1188	1	0	0	0:00:03.036401
1189	1	0	0	0:00:03.006608
1190	1	0	0	0:00:03.058879
1191	1	0	0	0:00:03.047108
1192	1	0	0	0:00:03.001937
1193	1	0	0	0:00:03.037110
1194	1	0	0	0:00:03.045132
1195	1	0	0	0:00:03.009199
1196	1	0	0	0:00:03.034494
1197	1	0	0	0:00:03.035096
1198	1	0	0	0:00:03.008164
1199	1	0	0	0:00:03.036396
1200	1	0	0	0:00:03.032852
1201	4	4	1	0:00:03.007381
1202	4	4	1	0:00:03.054760
1203	4	4	1	0:00:03.039376
1204	4	4	1	0:00:03.039283
1205	4	4	1	0:00:03.062275
1206	4	4	1	0:00:03.043297
1207	4	4	1	0:00:03.071914
1208	4	4	1	0:00:03.024040
1209	4	4	1	0:00:03.036184
1210	4	4	1	0:00:03.071500
1211	4	4	1	0:00:03.050127
1212	4	4	1	0:00:03.003061
1213	4	3	0	0:00:03.041131
1214	4	3	0	0:00:03.006680
1215	4	3	0	0:00:03.037353
1216	4	4	1	0:00:03.035456
1217	4	4	1	0:00:03.009021
1218	4	4	1	0:00:03.040951
1219	4	4	1	0:00:03.020792
1220	4	4	1	0:00:03.036766
1221	4	4	1	0:00:03.035890
1222	4	4	1	0:00:03.052241
1223	4	4	1	0:00:03.048286
1224	4	3	0	0:00:03.034046
1225	4	4	1	0:00:03.025482
1226	4	4	1	0:00:03.037383
1227	4	4	1	0:00:03.034147
1228	3	3	1	0:00:03.024847
1229	3	3	1	0:00:03.035902
1230	3	3	1	0:00:03.043995
1231	3	3	1	0:00:03.042115
1232	3	3	1	0:00:03.028984
1233	3	3	1	0:00:03.032790
1234	3	3	1	0:00:03.033180
1235	3	3	1	0:00:03.039782
1236	3	3	1	0:00:03.021517
1237	3	3	1	0:00:03.044366
1238	3	3	1	0:00:03.052577
1239	3	3	1	0:00:03.052359
1240	3	3	1	0:00:03.034260
1241	3	3	1	0:00:03.042887
1242	3	3	1	0:00:03.035722
1243	3	4	0	0:00:03.039129
1244	3	4	0	0:00:03.013921
1245	3	4	0	0:00:03.039434
1246	3	4	0	0:00:03.026014
1247	3	4	0	0:00:03.035991
1248	3	4	0	0:00:03.033738
1249	3	4	0	0:00:03.046152
1250	3	4	0	0:00:03.036050
1251	3	3	1	0:00:03.047316
1252	3	3	1	0:00:03.034392
1253	3	3	1	0:00:03.054981
1254	3	3	1	0:00:03.058200
1255	3	3	1	0:00:03.060372
1256	5	5	1	0:00:03.042179
1257	5	5	1	0:00:03.043635
1258	5	5	1	0:00:03.044483
1259	5	5	1	0:00:03.033905
1260	5	5	1	0:00:03.045377
1261	5	5	1	0:00:03.038200
1262	5	5	1	0:00:03.037262
1263	5	5	1	0:00:03.058456
1264	5	5	1	0:00:03.070536
1265	5	5	1	0:00:03.054219
1266	5	5	1	0:00:03.049376
1267	5	5	1	0:00:03.057947
1268	5	5	1	0:00:03.056923
1269	5	5	1	0:00:03.052381
1270	5	5	1	0:00:03.057073
1271	5	5	1	0:00:03.048139
1272	5	5	1	0:00:03.056988
1273	5	5	1	0:00:03.046581
1274	5	5	1	0:00:03.054774
1275	5	5	1	0:00:03.065795
1276	5	5	1	0:00:03.055487
1277	5	5	1	0:00:03.042554
1278	5	5	1	0:00:03.035287
1279	5	5	1	0:00:03.051009
1280	5	5	1	0:00:03.050995
1281	5	5	1	0:00:03.039682
1282	5	5	1	0:00:03.045542
1283	0	0	1	0:00:03.043066
1284	0	0	1	0:00:03.047848
1285	0	0	1	0:00:03.037310
1286	0	0	1	0:00:03.048866
1287	0	0	1	0:00:03.047371
1288	0	0	1	0:00:03.049098
1289	0	0	1	0:00:03.037241
1290	0	0	1	0:00:03.053546
1291	0	0	1	0:00:03.035744
1292	0	0	1	0:00:03.052468
1293	0	0	1	0:00:03.040360
1294	0	0	1	0:00:03.055847
1295	0	0	1	0:00:03.042859
1296	0	0	1	0:00:02.104297
1297	0	0	1	0:00:01.669348
1298	0	0	1	0:00:03.021664
1299	0	0	1	0:00:03.039721
1300	0	0	1	0:00:03.043540
1301	0	0	1	0:00:01.582004
1302	0	0	1	0:00:01.483172
1303	0	0	1	0:00:01.486176
1304	0	0	1	0:00:01.474384
1305	0	0	1	0:00:01.479439
1306	0	0	1	0:00:01.477640
1307	0	0	1	0:00:01.487762
1308	0	0	1	0:00:02.525634
1309	0	0	1	0:00:02.982517
1310	2	0	0	0:00:02.969110
1311	2	0	0	0:00:03.004748
1312	2	0	0	0:00:03.021252
1313	2	0	0	0:00:03.044518
1314	2	0	0	0:00:03.040341
1315	2	0	0	0:00:03.013983
1316	2	0	0	0:00:03.040499
1317	2	0	0	0:00:03.046978
1318	2	1	0	0:00:03.074911
1319	2	0	0	0:00:03.055288
1320	2	0	0	0:00:03.053369
1321	2	0	0	0:00:03.028012
1322	2	0	0	0:00:03.060523
1323	2	0	0	0:00:03.068576
1324	2	0	0	0:00:03.017282
1325	2	0	0	0:00:03.048286
1326	2	0	0	0:00:03.066719
1327	2	1	0	0:00:03.021569
1328	2	1	0	0:00:03.054652
1329	2	0	0	0:00:03.048157
1330	2	0	0	0:00:03.032717
1331	2	0	0	0:00:03.051814
1332	2	0	0	0:00:03.057192
1333	2	0	0	0:00:03.058076
1334	2	0	0	0:00:03.016313
1335	1	0	0	0:00:03.047119
1336	1	0	0	0:00:03.048187
1337	1	1	1	0:00:03.013903
1338	1	0	0	0:00:03.049940
1339	1	0	0	0:00:03.052225
1340	1	1	1	0:00:03.014895
1341	1	0	0	0:00:03.064568
1342	1	0	0	0:00:03.048403
1343	1	0	0	0:00:03.025313
1344	1	0	0	0:00:03.056432
1345	1	0	0	0:00:03.051220
1346	1	0	0	0:00:03.015632
1347	1	0	0	0:00:03.053661
1348	1	1	1	0:00:03.046446
1349	1	1	1	0:00:03.021505
1350	1	1	1	0:00:03.049346
1351	1	0	0	0:00:03.047757
1352	1	0	0	0:00:03.006177
1353	1	0	0	0:00:03.083109
1354	1	0	0	0:00:03.074851
1355	1	0	0	0:00:03.058602
1356	1	1	1	0:00:03.073411
1357	1	1	1	0:00:03.074129
1358	1	0	0	0:00:03.053634
1359	1	0	0	0:00:03.083892
1360	1	0	0	0:00:03.072876
1361	1	0	0	0:00:03.051243
1362	4	0	0	0:00:03.072268
1363	4	0	0	0:00:03.067955
1364	4	4	1	0:00:03.055682
1365	4	4	1	0:00:03.064930
1366	4	4	1	0:00:03.078851
1367	4	4	1	0:00:03.047224
1368	4	4	1	0:00:03.072691
1369	4	4	1	0:00:03.055238
1370	4	4	1	0:00:03.065766
1371	4	4	1	0:00:03.036955
1372	4	4	1	0:00:03.002525
1373	4	4	1	0:00:03.033864
1374	4	4	1	0:00:03.042437
1375	4	4	1	0:00:03.009550
1376	4	4	1	0:00:03.036665
1377	4	4	1	0:00:03.039748
1378	4	4	1	0:00:03.004434
1379	4	4	1	0:00:03.039137
1380	4	4	1	0:00:03.039644
1381	4	4	1	0:00:03.006043
1382	4	4	1	0:00:03.033953
1383	4	4	1	0:00:03.030053
1384	4	4	1	0:00:03.007231
1385	4	4	1	0:00:03.037805
1386	4	4	1	0:00:03.038132
1387	4	4	1	0:00:03.006050
1388	4	4	1	0:00:03.039202
1389	4	4	1	0:00:03.026187
1390	4	4	1	0:00:02.992317
1391	4	4	1	0:00:03.037487
1392	4	4	1	0:00:03.028395
1393	4	4	1	0:00:03.004230
1394	4	4	1	0:00:03.036449
1395	4	4	1	0:00:03.030791
1396	3	3	1	0:00:02.995784
1397	3	4	0	0:00:03.063488
1398	3	4	0	0:00:03.066075
1399	3	4	0	0:00:03.018933
1400	3	4	0	0:00:03.033315
1401	3	4	0	0:00:03.036910
1402	3	4	0	0:00:03.038630
1403	3	4	0	0:00:03.062990
1404	3	3	1	0:00:03.035625
1405	3	3	1	0:00:03.010505
1406	3	4	0	0:00:03.049985
1407	3	4	0	0:00:03.043128
1408	3	4	0	0:00:02.998605
1409	3	4	0	0:00:03.039245
1410	3	4	0	0:00:03.044626
1411	3	4	0	0:00:02.994394
1412	3	4	0	0:00:03.031452
1413	3	4	0	0:00:03.032674
1414	3	4	0	0:00:03.002409
1415	3	4	0	0:00:03.041495
1416	3	4	0	0:00:03.035931
1417	3	4	0	0:00:03.003349
1418	3	4	0	0:00:03.037823
1419	5	5	1	0:00:03.030923
1420	5	5	1	0:00:02.998976
1421	5	5	1	0:00:03.030062
1422	5	5	1	0:00:03.028872
1423	5	5	1	0:00:02.999720
1424	5	5	1	0:00:03.057300
1425	5	5	1	0:00:03.018102
1426	5	5	1	0:00:03.049474
1427	5	5	1	0:00:03.039329
1428	5	5	1	0:00:02.997140
1429	5	5	1	0:00:03.038106
1430	5	5	1	0:00:03.056240
1431	5	5	1	0:00:03.004597
1432	5	5	1	0:00:03.026823
1433	5	5	1	0:00:03.021403
1434	5	5	1	0:00:03.000876
1435	5	5	1	0:00:03.038095
1436	5	5	1	0:00:03.035346
1437	5	5	1	0:00:03.015085
1438	5	5	1	0:00:03.041622
1439	5	5	1	0:00:03.080839
1440	5	5	1	0:00:03.000417
1441	5	5	1	0:00:03.040412
1442	5	5	1	0:00:03.058373
1443	5	5	1	0:00:03.025832
1444	5	5	1	0:00:03.041630
1445	5	5	1	0:00:03.022007
1446	5	5	1	0:00:03.029929
1447	5	5	1	0:00:03.037714
1448	5	5	1	0:00:03.011168
1449	5	5	1	0:00:03.056588
1450	5	5	1	0:00:03.064906
1451	5	5	1	0:00:03.011608
1452	0	2	0	0:00:03.021814
1453	0	0	1	0:00:03.036953
1454	0	0	1	0:00:03.004032
1455	0	0	1	0:00:03.040928
1456	0	0	1	0:00:03.044949
1457	0	0	1	0:00:03.002846
1458	0	0	1	0:00:03.040514
1459	0	1	0	0:00:03.028386
1460	0	1	0	0:00:02.986559
1461	0	1	0	0:00:03.026296
1462	0	0	1	0:00:03.029227
1463	0	0	1	0:00:02.995152
1464	0	0	1	0:00:03.033405
1465	0	0	1	0:00:03.031058
1466	0	0	1	0:00:02.996229
1467	0	0	1	0:00:03.032264
1468	0	0	1	0:00:03.025587
1469	0	1	0	0:00:02.995641
1470	0	0	1	0:00:03.031159
1471	0	0	1	0:00:03.030422
1472	0	0	1	0:00:02.999952
1473	0	0	1	0:00:03.062346
1474	0	1	0	0:00:03.038727
1475	2	0	0	0:00:03.027858
1476	2	0	0	0:00:03.032725
1477	2	0	0	0:00:03.004367
1478	2	0	0	0:00:03.032627
1479	2	0	0	0:00:03.041120
1480	2	0	0	0:00:02.998267
1481	2	0	0	0:00:03.029356
1482	2	2	1	0:00:03.034693
1483	2	2	1	0:00:02.994599
1484	2	0	0	0:00:03.044325
1485	2	0	0	0:00:03.075684
1486	2	0	0	0:00:03.022015
1487	2	0	0	0:00:03.069723
1488	2	0	0	0:00:03.022552
1489	2	0	0	0:00:03.006802
1490	2	2	1	0:00:03.045984
1491	2	2	1	0:00:03.040532
1492	2	0	0	0:00:02.996848
1493	2	2	1	0:00:03.034582
1494	2	0	0	0:00:03.034960
1495	2	0	0	0:00:03.012961
1496	1	0	0	0:00:03.029615
1497	1	0	0	0:00:03.031203
1498	1	0	0	0:00:03.002292
1499	1	1	1	0:00:03.032835
1500	1	1	1	0:00:03.032936
1501	1	0	0	0:00:02.996331
1502	1	0	0	0:00:03.042181
1503	1	0	0	0:00:03.038954
1504	1	0	0	0:00:03.021832
1505	1	0	0	0:00:03.046141
1506	1	0	0	0:00:03.022809
1507	1	0	0	0:00:03.045777
1508	1	0	0	0:00:03.030855
1509	1	0	0	0:00:03.003168
1510	1	0	0	0:00:03.043872
1511	1	0	0	0:00:03.041771
1512	1	0	0	0:00:02.998798
1513	1	0	0	0:00:03.027058
1514	1	0	0	0:00:03.066640
1515	1	0	0	0:00:03.012206
1516	1	0	0	0:00:03.032647
1517	1	0	0	0:00:03.057353
1518	1	0	0	0:00:03.033110
1519	1	0	0	0:00:03.043947
1520	1	1	1	0:00:03.027275
1521	4	4	1	0:00:02.863683
1522	4	4	1	0:00:01.446187
1523	4	4	1	0:00:01.449929
1524	4	3	0	0:00:01.436647
1525	4	3	0	0:00:01.442261
1526	4	4	1	0:00:01.435120
1527	4	4	1	0:00:01.443045
1528	4	4	1	0:00:01.689951
1529	4	4	1	0:00:03.016110
1530	4	3	0	0:00:03.022402
1531	4	4	1	0:00:03.006701
1532	4	4	1	0:00:03.024184
1533	4	4	1	0:00:03.015755
1534	4	3	0	0:00:03.031883
1535	4	3	0	0:00:03.024462
1536	4	3	0	0:00:03.040269
1537	4	4	1	0:00:03.035551
1538	4	3	0	0:00:03.045118
1539	4	3	0	0:00:03.037930
1540	4	3	0	0:00:03.054084
1541	4	3	0	0:00:03.043621
1542	4	3	0	0:00:03.056693
1543	4	4	1	0:00:03.042562
1544	4	4	1	0:00:03.060624
1545	4	4	1	0:00:03.042271
1546	4	4	1	0:00:03.056996
1547	4	4	1	0:00:03.040339
1548	3	4	0	0:00:03.060384
1549	3	3	1	0:00:03.041854
1550	3	3	1	0:00:03.055401
1551	3	3	1	0:00:03.055847
1552	3	3	1	0:00:03.047800
1553	3	3	1	0:00:03.044271
1554	3	3	1	0:00:03.058473
1555	3	3	1	0:00:03.056608
1556	3	3	1	0:00:03.044393
1557	3	3	1	0:00:03.044650
1558	3	3	1	0:00:03.054098
1559	3	3	1	0:00:03.057936
1560	3	3	1	0:00:03.046065
1561	3	4	0	0:00:03.046254
1562	3	4	0	0:00:03.053006
1563	3	4	0	0:00:03.055489
1564	3	4	0	0:00:03.042426
1565	3	4	0	0:00:03.055026
1566	3	4	0	0:00:03.055397
1567	3	4	0	0:00:03.055359
1568	3	4	0	0:00:03.004731
1569	3	4	0	0:00:03.055165
1570	3	4	0	0:00:03.037029
1571	3	4	0	0:00:03.059374
1572	5	5	1	0:00:03.045029
1573	5	5	1	0:00:03.053571
1574	5	5	1	0:00:03.042216
1575	5	5	1	0:00:03.059576
1576	5	5	1	0:00:03.056200
1577	5	5	1	0:00:03.042680
1578	5	5	1	0:00:03.044449
1579	5	5	1	0:00:03.055842
1580	5	5	1	0:00:03.056686
1581	5	5	1	0:00:03.046572
1582	5	5	1	0:00:03.047158
1583	5	5	1	0:00:03.055556
1584	5	5	1	0:00:03.057094
1585	5	5	1	0:00:03.040639
1586	5	5	1	0:00:03.053219
1587	5	5	1	0:00:03.050921
1588	5	5	1	0:00:03.056629
1589	5	5	1	0:00:03.041339
1590	5	5	1	0:00:03.052791
1591	5	5	1	0:00:03.051811
1592	5	5	1	0:00:03.055374
1593	5	5	1	0:00:03.039105
1594	5	5	1	0:00:03.061036
1595	5	5	1	0:00:03.042742
1596	5	5	1	0:00:03.055521
1597	5	5	1	0:00:03.044585
1598	5	5	1	0:00:03.057876
1599	5	5	1	0:00:03.040186
1600	5	5	1	0:00:03.051481
1601	5	5	1	0:00:03.043923
1602	5	5	1	0:00:03.053397
1603	5	5	1	0:00:03.042893
1604	5	5	1	0:00:03.053969
1605	0	1	0	0:00:03.052369
1606	0	1	0	0:00:03.045166
1607	0	0	1	0:00:03.044096
1608	0	0	1	0:00:03.055297
1609	0	0	1	0:00:01.904329
1610	0	1	0	0:00:01.453171
1611	0	1	0	0:00:01.440915
1612	0	1	0	0:00:01.442027
1613	0	1	0	0:00:01.441919
1614	0	1	0	0:00:01.440666
1615	0	1	0	0:00:01.445163
1616	0	0	1	0:00:02.668339
1617	0	0	1	0:00:02.962776
1618	0	1	0	0:00:02.991174
1619	0	0	1	0:00:02.993729
1620	0	0	1	0:00:02.987088
1621	0	1	0	0:00:03.019748
1622	0	1	0	0:00:03.007001
1623	0	1	0	0:00:03.022881
1624	0	1	0	0:00:03.042412
1625	0	0	1	0:00:03.040197
1626	0	0	1	0:00:03.020509
1627	0	0	1	0:00:03.053252
1628	0	0	1	0:00:03.044726
1629	0	0	1	0:00:03.020510
1630	0	0	1	0:00:03.058471
1631	0	0	1	0:00:03.055649
1632	0	0	1	0:00:03.022622
1633	0	1	0	0:00:03.056572
1634	0	0	1	0:00:03.056241
1635	2	0	0	0:00:03.034189
1636	2	0	0	0:00:03.046610
1637	2	0	0	0:00:03.082391
1638	2	0	0	0:00:03.043432
1639	2	2	1	0:00:03.065846
1640	2	0	0	0:00:03.050003
1641	2	2	1	0:00:03.018196
1642	2	2	1	0:00:03.041020
1643	2	0	0	0:00:03.060309
1644	2	0	0	0:00:03.004901
1645	2	0	0	0:00:03.049840
1646	2	0	0	0:00:03.062525
1647	2	0	0	0:00:03.003901
1648	2	2	1	0:00:03.041327
1649	2	2	1	0:00:03.047874
1650	2	2	1	0:00:03.053504
1651	2	0	0	0:00:03.064167
1652	2	0	0	0:00:03.050870
1653	2	0	0	0:00:03.018826
1654	2	0	0	0:00:03.055603
1655	2	0	0	0:00:03.050003
1656	2	0	0	0:00:03.011134
1657	2	0	0	0:00:03.070291
1658	2	0	0	0:00:03.068619
1659	2	0	0	0:00:03.031896
1660	2	0	0	0:00:03.047058
1661	2	0	0	0:00:03.049475
1662	1	0	0	0:00:03.015618
1663	1	0	0	0:00:03.079357
1664	1	0	0	0:00:03.047746
1665	1	0	0	0:00:03.021109
1666	1	0	0	0:00:03.048828
1667	1	0	0	0:00:03.042087
1668	1	0	0	0:00:03.006245
1669	1	0	0	0:00:03.064863
1670	1	0	0	0:00:03.070955
1671	1	0	0	0:00:03.027631
1672	1	0	0	0:00:03.049632
1673	1	0	0	0:00:03.075809
1674	1	0	0	0:00:03.050127
1675	1	0	0	0:00:03.056113
1676	1	0	0	0:00:03.030286
1677	1	0	0	0:00:03.036856
1678	1	0	0	0:00:03.044050
1679	1	0	0	0:00:03.049296
1680	1	0	0	0:00:02.993809
1681	1	0	0	0:00:03.037370
1682	1	0	0	0:00:03.043799
1683	1	0	0	0:00:03.021673
1684	1	0	0	0:00:03.042798
1685	1	0	0	0:00:03.031957
1686	1	0	0	0:00:03.022376
1687	1	0	0	0:00:03.041347
1688	1	0	0	0:00:03.020876
1689	1	0	0	0:00:03.022389
1690	1	0	0	0:00:03.048851
1691	1	0	0	0:00:03.007855
1692	1	2	0	0:00:03.034782
1693	4	4	1	0:00:03.045902
1694	4	4	1	0:00:03.006396
1695	4	4	1	0:00:03.036562
1696	4	4	1	0:00:03.037960
1697	4	4	1	0:00:03.008822
1698	4	3	0	0:00:03.037081
1699	4	3	0	0:00:03.038719
1700	4	3	0	0:00:03.006217
1701	4	3	0	0:00:03.041037
1702	4	4	1	0:00:03.040015
1703	4	4	1	0:00:03.004979
1704	4	4	1	0:00:03.030621
1705	4	4	1	0:00:03.065620
1706	4	4	1	0:00:03.044405
1707	4	4	1	0:00:03.063438
1708	4	4	1	0:00:03.032997
1709	4	4	1	0:00:03.011473
1710	4	4	1	0:00:03.049530
1711	4	4	1	0:00:03.043431
1712	4	4	1	0:00:02.979677
1713	4	4	1	0:00:03.036254
1714	4	4	1	0:00:03.039783
1715	4	4	1	0:00:02.998301
1716	4	4	1	0:00:03.024157
1717	4	4	1	0:00:03.034615
1718	4	4	1	0:00:03.003996
1719	4	4	1	0:00:03.041730
1720	4	4	1	0:00:03.026700
1721	4	4	1	0:00:03.000747
1722	4	4	1	0:00:03.039297
1723	3	3	1	0:00:03.026977
1724	3	3	1	0:00:02.998800
1725	3	3	1	0:00:03.032600
1726	3	3	1	0:00:03.029724
1727	3	3	1	0:00:02.976665
1728	3	3	1	0:00:03.033183
1729	3	3	1	0:00:03.036920
1730	3	3	1	0:00:02.997541
1731	3	3	1	0:00:03.046547
1732	3	3	1	0:00:03.057433
1733	3	3	1	0:00:03.040306
1734	3	3	1	0:00:03.059705
1735	3	4	0	0:00:03.028386
1736	3	4	0	0:00:03.033610
1737	3	4	0	0:00:03.030414
1738	3	4	0	0:00:03.029373
1739	3	4	0	0:00:03.031997
1740	3	4	0	0:00:03.018736
1741	3	4	0	0:00:02.990028
1742	3	4	0	0:00:03.046378
1743	3	4	0	0:00:03.078653
1744	3	4	0	0:00:03.004506
1745	3	4	0	0:00:03.057588
1746	3	4	0	0:00:03.050492
1747	3	4	0	0:00:03.009336
1748	5	5	1	0:00:03.036049
1749	5	5	1	0:00:03.030145
1750	5	5	1	0:00:03.012056
1751	5	5	1	0:00:03.057816
1752	5	5	1	0:00:03.023387
1753	5	5	1	0:00:03.032872
1754	5	5	1	0:00:03.035436
1755	5	5	1	0:00:03.001107
1756	5	5	1	0:00:03.035573
1757	5	5	1	0:00:03.032298
1758	5	5	1	0:00:03.008562
1759	5	5	1	0:00:03.031850
1760	5	5	1	0:00:03.017669
1761	5	5	1	0:00:02.996531
1762	5	5	1	0:00:03.034491
1763	5	5	1	0:00:03.038260
1764	5	5	1	0:00:02.996370
1765	5	5	1	0:00:03.031188
1766	5	5	1	0:00:03.030625
1767	5	5	1	0:00:02.999590
1768	5	5	1	0:00:03.034643
1769	5	5	1	0:00:03.030462
1770	5	5	1	0:00:02.996435
1771	5	5	1	0:00:03.028995
1772	5	5	1	0:00:03.028901
1773	5	5	1	0:00:02.997714
1774	5	5	1	0:00:03.032684
1775	5	5	1	0:00:03.031995
1776	5	5	1	0:00:02.983912
1777	0	2	0	0:00:03.022319
1778	0	2	0	0:00:03.037234
1779	0	0	1	0:00:02.993489
1780	0	0	1	0:00:03.041011
1781	0	0	1	0:00:03.108838
1782	0	0	1	0:00:03.072692
1783	0	0	1	0:00:03.073929
1784	0	0	1	0:00:03.054859
1785	0	0	1	0:00:03.065826
1786	0	0	1	0:00:03.075073
1787	0	0	1	0:00:03.056169
1788	0	0	1	0:00:03.060238
1789	0	0	1	0:00:03.065068
1790	0	0	1	0:00:03.071372
1791	0	0	1	0:00:03.061644
1792	0	0	1	0:00:03.050216
1793	0	0	1	0:00:03.063057
1794	0	0	1	0:00:03.069253
1795	0	0	1	0:00:03.042242
1796	0	0	1	0:00:03.061169
1797	0	0	1	0:00:03.067484
1798	0	0	1	0:00:03.050013
1799	0	0	1	0:00:03.027196
1800	0	0	1	0:00:03.104994
1801	0	0	1	0:00:03.017074
1802	0	0	1	0:00:03.041571
1803	0	0	1	0:00:03.013119
1804	2	1	0	0:00:03.036973
1805	2	0	0	0:00:03.033099
1806	2	0	0	0:00:03.006178
1807	2	2	1	0:00:03.032291
1808	2	0	0	0:00:03.027419
1809	2	0	0	0:00:03.000780
1810	2	0	0	0:00:03.032216
1811	2	0	0	0:00:03.031553
1812	2	0	0	0:00:03.039369
1813	2	2	1	0:00:03.072873
1814	2	2	1	0:00:03.077704
1815	2	0	0	0:00:03.003023
1816	2	0	0	0:00:03.026960
1817	2	1	0	0:00:03.036602
1818	2	0	0	0:00:03.008541
1819	2	0	0	0:00:03.040617
1820	2	0	0	0:00:03.068881
1821	2	0	0	0:00:03.000072
1822	2	0	0	0:00:03.026966
1823	2	0	0	0:00:03.037324
1824	1	0	0	0:00:02.999706
1825	1	0	0	0:00:03.042619
1826	1	0	0	0:00:03.028630
1827	1	0	0	0:00:03.004681
1828	1	0	0	0:00:03.032023
1829	1	0	0	0:00:03.000279
1830	1	0	0	0:00:03.074130
1831	1	0	0	0:00:03.066748
1832	1	0	0	0:00:03.049852
1833	1	0	0	0:00:03.051792
1834	1	0	0	0:00:03.057467
1835	1	0	0	0:00:03.040357
1836	1	0	0	0:00:03.041101
1837	1	0	0	0:00:03.037066
1838	1	0	0	0:00:03.046371
1839	1	0	0	0:00:03.029361
1840	1	0	0	0:00:03.039109
1841	1	0	0	0:00:03.040116
1842	1	0	0	0:00:03.054060
1843	1	0	0	0:00:03.028360
1844	1	0	0	0:00:03.051142
1845	1	0	0	0:00:03.039829
1846	1	0	0	0:00:03.045350
1847	1	0	0	0:00:03.041014
1848	4	3	0	0:00:03.033618
1849	4	3	0	0:00:03.033224
1850	4	3	0	0:00:03.043609
1851	4	3	0	0:00:03.046982
1852	4	3	0	0:00:03.061042
1853	4	3	0	0:00:03.035095
1854	4	3	0	0:00:03.050669
1855	4	3	0	0:00:03.046507
1856	4	4	1	0:00:03.048609
1857	4	4	1	0:00:03.043137
1858	4	3	0	0:00:03.095876
1859	4	3	0	0:00:03.046105
1860	4	3	0	0:00:03.054867
1861	4	3	0	0:00:03.039278
1862	4	3	0	0:00:03.048117
1863	4	4	1	0:00:03.080387
1864	4	4	1	0:00:03.054286
1865	4	3	0	0:00:03.057458
1866	4	3	0	0:00:03.067140
1867	4	3	0	0:00:03.043110
1868	4	3	0	0:00:03.045924
1869	4	4	1	0:00:03.026809
1870	4	4	1	0:00:03.056118
1871	4	4	1	0:00:03.053556
1872	4	4	1	0:00:03.035598
1873	4	4	1	0:00:03.044229
1874	4	4	1	0:00:03.044273
1875	4	4	1	0:00:03.062803
1876	4	4	1	0:00:03.040163
1877	4	4	1	0:00:03.032262
1878	4	4	1	0:00:03.032167
1879	4	4	1	0:00:03.041861
1880	4	4	1	0:00:03.018220
1881	4	4	1	0:00:03.031594
1882	4	4	1	0:00:03.067501
1883	4	4	1	0:00:03.068663
1884	4	4	1	0:00:03.040312
1885	4	4	1	0:00:03.053391
1886	4	4	1	0:00:03.050316
1887	4	4	1	0:00:03.060328
1888	3	3	1	0:00:03.198892
1889	3	3	1	0:00:03.044728
1890	3	3	1	0:00:03.050104
1891	3	3	1	0:00:03.111286
1892	3	3	1	0:00:03.036360
1893	3	3	1	0:00:03.057120
1894	3	3	1	0:00:03.068668
1895	3	3	1	0:00:03.061517
1896	3	3	1	0:00:03.036579
1897	3	3	1	0:00:03.045582
1898	3	3	1	0:00:03.061503
1899	3	3	1	0:00:03.255537
1900	3	3	1	0:00:03.037937
1901	3	3	1	0:00:03.046110
1902	3	3	1	0:00:03.046152
1903	3	4	0	0:00:03.047502
1904	3	4	0	0:00:03.034737
1905	3	4	0	0:00:03.058587
1906	3	4	0	0:00:03.044619
1907	3	4	0	0:00:03.035225
1908	3	4	0	0:00:03.020022
1909	3	4	0	0:00:02.628630
1910	3	4	0	0:00:01.486491
1911	3	4	0	0:00:01.485710
1912	3	4	0	0:00:01.485331
1913	3	4	0	0:00:01.495235
1914	3	4	0	0:00:01.482895
1915	3	4	0	0:00:01.483890
1916	3	4	0	0:00:01.476426
1917	3	4	0	0:00:02.927918
1918	5	5	1	0:00:02.996002
1919	5	5	1	0:00:02.963401
1920	5	5	1	0:00:02.996899
1921	5	5	1	0:00:03.011431
1922	5	5	1	0:00:02.978211
1923	5	5	1	0:00:03.034655
1924	5	5	1	0:00:03.040919
1925	5	5	1	0:00:03.017273
1926	5	5	1	0:00:03.042914
1927	5	5	1	0:00:03.055638
1928	5	5	1	0:00:03.019488
1929	5	5	1	0:00:03.116451
1930	5	5	1	0:00:03.102885
1931	5	5	1	0:00:03.063548
1932	5	5	1	0:00:03.088955
1933	5	5	1	0:00:03.098301
1934	5	5	1	0:00:03.066783
1935	5	5	1	0:00:03.079930
1936	5	5	1	0:00:03.087135
1937	5	5	1	0:00:03.061213
1938	5	5	1	0:00:03.087785
1939	5	5	1	0:00:03.083944
1940	5	5	1	0:00:03.058519
1941	5	5	1	0:00:03.082058
1942	5	5	1	0:00:03.088841
1943	5	5	1	0:00:03.057812
1944	5	5	1	0:00:03.141879
1945	5	5	1	0:00:03.073202
1946	5	5	1	0:00:03.058084
1947	5	5	1	0:00:03.084614
1948	5	5	1	0:00:03.083524
1949	5	5	1	0:00:03.058841
1950	0	0	1	0:00:03.152171
1951	0	0	1	0:00:03.061964
1952	0	0	1	0:00:03.082434
1953	0	1	0	0:00:03.080225
1954	0	0	1	0:00:03.057263
1955	0	1	0	0:00:03.081828
1956	0	1	0	0:00:03.079051
1957	0	0	1	0:00:03.016035
1958	0	1	0	0:00:03.058179
1959	0	0	1	0:00:03.065718
1960	0	0	1	0:00:03.006754
1961	0	0	1	0:00:03.035893
1962	0	1	0	0:00:03.046430
1963	0	0	1	0:00:03.015354
1964	0	0	1	0:00:03.060273
1965	0	0	1	0:00:03.049282
1966	0	0	1	0:00:03.024003
1967	0	0	1	0:00:03.025176
1968	0	1	0	0:00:03.219010
1969	0	1	0	0:00:03.045348
1970	0	1	0	0:00:03.045552
1971	0	1	0	0:00:03.120547
1972	0	1	0	0:00:02.996996
1973	0	1	0	0:00:03.050017
1974	0	1	0	0:00:03.046857
1975	0	1	0	0:00:03.095205
1976	0	1	0	0:00:03.050463
1977	0	1	0	0:00:03.040201
1978	0	0	1	0:00:03.018304
1979	2	1	0	0:00:03.041576
1980	2	1	0	0:00:03.052692
1981	2	0	0	0:00:03.076653
1982	2	0	0	0:00:03.082237
1983	2	0	0	0:00:03.061875
1984	2	1	0	0:00:03.015255
1985	2	0	0	0:00:03.047322
1986	2	1	0	0:00:03.058995
1987	2	1	0	0:00:03.061028
1988	2	0	0	0:00:03.061815
1989	1	1	1	0:00:03.026591
1990	1	1	1	0:00:03.060419
1991	1	1	1	0:00:03.053953
1992	1	1	1	0:00:03.019553
1993	1	1	1	0:00:03.045900
1994	1	0	0	0:00:03.037153
1995	1	0	0	0:00:03.017794
1996	1	0	0	0:00:03.040142
1997	1	0	0	0:00:03.047308
1998	1	1	1	0:00:03.002599
1999	2	0	0	0:00:03.039094
2000	2	1	0	0:00:03.039653
2001	2	0	0	0:00:03.002678
2002	2	0	0	0:00:03.043953
2003	2	1	0	0:00:03.043124
2004	2	2	1	0:00:02.992305
2005	2	2	1	0:00:03.041742
2006	2	1	0	0:00:03.036464
2007	2	1	0	0:00:03.010520
2008	1	1	1	0:00:03.039943
2009	1	1	1	0:00:03.039864
2010	1	0	0	0:00:03.011009
2011	1	0	0	0:00:03.027944
2012	1	0	0	0:00:03.037022
2013	1	0	0	0:00:03.004136
2014	1	0	0	0:00:03.034395
2015	1	0	0	0:00:03.091141
2016	1	0	0	0:00:03.008477
2017	2	0	0	0:00:03.052899
2018	2	1	0	0:00:03.055145
2019	2	0	0	0:00:03.022090
2020	2	0	0	0:00:03.042456
2021	2	1	0	0:00:03.042217
2022	2	2	1	0:00:03.009710
2023	2	0	0	0:00:03.058024
2024	2	1	0	0:00:03.042506
2025	2	1	0	0:00:03.006617
2026	1	0	0	0:00:03.030044
2027	1	1	1	0:00:03.044195
2028	1	1	1	0:00:03.017757
2029	1	0	0	0:00:03.042464
2030	1	0	0	0:00:03.046998
2031	1	0	0	0:00:03.001976
2032	1	0	0	0:00:03.036432
2033	1	0	0	0:00:03.035845
2034	1	0	0	0:00:03.006243
2035	1	1	1	0:00:03.037831
2036	4	3	0	0:00:03.028113
2037	4	3	0	0:00:03.014727
2038	4	3	0	0:00:03.038352
2039	4	4	1	0:00:03.019550
2040	4	4	1	0:00:03.026107
2041	4	4	1	0:00:03.052649
2042	4	3	0	0:00:03.009970
2043	4	3	0	0:00:03.035986
2044	4	3	0	0:00:03.040903
2045	4	4	1	0:00:03.009389
2046	4	4	1	0:00:03.043432
2047	4	4	1	0:00:03.038254
2048	4	4	1	0:00:03.012405
2049	4	4	1	0:00:03.058439
2050	4	4	1	0:00:03.042397
2051	4	4	1	0:00:03.024506
2052	4	4	1	0:00:03.028919
2053	4	4	1	0:00:03.044303
2054	4	4	1	0:00:03.004802
2055	4	4	1	0:00:03.042608
2056	4	4	1	0:00:03.037183
2057	4	3	0	0:00:03.012264
2058	4	3	0	0:00:03.060498
2059	4	4	1	0:00:03.041895
2060	4	4	1	0:00:03.004769
2061	4	4	1	0:00:03.037485
2062	4	4	1	0:00:03.039162
2063	4	4	1	0:00:03.002678
2064	4	4	1	0:00:03.036305
2065	4	4	1	0:00:03.035007
2066	4	4	1	0:00:03.007724
2067	4	4	1	0:00:03.030661
2068	4	4	1	0:00:03.041452
2069	3	3	1	0:00:03.004614
2070	3	3	1	0:00:03.038426
2071	3	3	1	0:00:03.039678
2072	3	3	1	0:00:03.009411
2073	3	3	1	0:00:03.034312
2074	3	3	1	0:00:03.030111
2075	3	3	1	0:00:03.000942
2076	3	3	1	0:00:03.035555
2077	3	3	1	0:00:03.045711
2078	3	3	1	0:00:03.004098
2079	3	3	1	0:00:03.035157
2080	3	3	1	0:00:03.037000
2081	3	3	1	0:00:03.009158
2082	3	4	0	0:00:03.037589
2083	3	3	1	0:00:03.038570
2084	3	4	0	0:00:03.005607
2085	3	4	0	0:00:03.045057
2086	3	4	0	0:00:03.056602
2087	3	4	0	0:00:03.011868
2088	3	4	0	0:00:03.046478
2089	3	4	0	0:00:03.047019
2090	3	4	0	0:00:03.013612
2091	3	4	0	0:00:03.047712
2092	3	4	0	0:00:03.041088
2093	3	4	0	0:00:03.020357
2094	3	4	0	0:00:03.043290
2095	3	4	0	0:00:03.033426
2096	5	5	1	0:00:03.024224
2097	5	5	1	0:00:03.041736
2098	5	5	1	0:00:03.013287
2099	5	5	1	0:00:03.010961
2100	5	5	1	0:00:03.036618
2101	5	5	1	0:00:03.018646
2102	5	5	1	0:00:03.023915
2103	5	5	1	0:00:03.041417
2104	5	5	1	0:00:03.003938
2105	5	5	1	0:00:03.028572
2106	5	5	1	0:00:03.026702
2107	5	5	1	0:00:03.016298
2108	5	5	1	0:00:03.021792
2109	5	5	1	0:00:03.038796
2110	5	5	1	0:00:03.013984
2111	5	5	1	0:00:03.022668
2112	5	5	1	0:00:03.029372
2113	5	5	1	0:00:03.023961
2114	5	5	1	0:00:03.019398
2115	5	5	1	0:00:03.081115
2116	5	5	1	0:00:03.046525
2117	5	5	1	0:00:03.069155
2118	5	5	1	0:00:03.068911
2119	5	5	1	0:00:03.050519
2120	5	5	1	0:00:03.070565
2121	5	5	1	0:00:03.043659
2122	5	5	1	0:00:03.004113
2123	5	5	1	0:00:03.039480
2124	5	5	1	0:00:03.043431
2125	5	5	1	0:00:02.999617
2126	5	5	1	0:00:03.046375
2127	5	5	1	0:00:03.041457
2128	5	5	1	0:00:03.007844
2129	0	1	0	0:00:03.035440
2130	0	1	0	0:00:02.989711
2131	0	1	0	0:00:03.055036
2132	0	1	0	0:00:03.056008
2133	0	1	0	0:00:03.041170
2134	0	1	0	0:00:03.046761
2135	0	1	0	0:00:03.075268
2136	0	1	0	0:00:03.052381
2137	0	0	1	0:00:03.068797
2138	0	1	0	0:00:03.076838
2139	0	1	0	0:00:03.065466
2140	0	0	1	0:00:03.029078
2141	0	1	0	0:00:03.052568
2142	0	0	1	0:00:03.045815
2143	0	1	0	0:00:03.052084
2144	0	1	0	0:00:03.029358
2145	0	1	0	0:00:03.043392
2146	0	1	0	0:00:03.041323
2147	0	1	0	0:00:03.049383
2148	0	0	1	0:00:03.039588
2149	0	1	0	0:00:03.042918
2150	0	1	0	0:00:03.042212
2151	0	1	0	0:00:03.051500
2152	0	1	0	0:00:03.049299
2153	0	1	0	0:00:03.037000
2154	0	1	0	0:00:03.052215
2155	0	1	0	0:00:03.045789
2156	2	1	0	0:00:03.054336
2157	2	1	0	0:00:03.035919
2158	2	0	0	0:00:03.037049
2159	2	0	0	0:00:03.046824
2160	2	0	0	0:00:03.048419
2161	2	0	0	0:00:03.036444
2162	2	0	0	0:00:03.035846
2163	2	1	0	0:00:03.049289
2164	2	1	0	0:00:03.049620
2165	2	0	0	0:00:03.044412
2166	2	0	0	0:00:03.042752
2167	2	2	1	0:00:03.051422
2168	2	2	1	0:00:03.048160
2169	2	0	0	0:00:03.039082
2170	2	0	0	0:00:03.022572
2171	2	0	0	0:00:03.050855
2172	2	1	0	0:00:03.054484
2173	2	1	0	0:00:03.037425
2174	1	0	0	0:00:03.045274
2175	1	0	0	0:00:03.046519
2176	1	0	0	0:00:03.049351
2177	1	0	0	0:00:03.034904
2178	1	1	1	0:00:03.041462
2179	1	0	0	0:00:03.046335
2180	1	0	0	0:00:03.048834
2181	1	0	0	0:00:03.036789
2182	1	0	0	0:00:03.053739
2183	1	0	0	0:00:03.040575
2184	1	1	1	0:00:03.048972
2185	1	1	1	0:00:03.050418
2186	1	1	1	0:00:03.113463
2187	1	0	0	0:00:03.056518
2188	1	0	0	0:00:03.052900
2189	1	0	0	0:00:03.031532
2190	1	0	0	0:00:03.044080
2191	1	0	0	0:00:03.048243
2192	1	0	0	0:00:03.046226
2193	1	1	1	0:00:03.042399
2194	1	1	1	0:00:03.171754
2195	1	1	1	0:00:03.043777
2196	1	0	0	0:00:03.043824
2197	1	0	0	0:00:03.024394
2198	1	0	0	0:00:03.041201
2199	1	0	0	0:00:03.026225
2200	1	0	0	0:00:03.048596
2201	1	0	0	0:00:03.037263
2202	1	1	1	0:00:03.029211
2203	2	0	0	0:00:03.031058
2204	2	0	0	0:00:03.035599
2205	2	0	0	0:00:03.042479
2206	2	0	0	0:00:03.019002
2207	2	0	0	0:00:03.059035
2208	2	2	1	0:00:03.050526
2209	2	2	1	0:00:03.053808
2210	2	1	0	0:00:02.950810
2211	2	1	0	0:00:01.438221
2212	4	4	1	0:00:01.436269
2213	4	4	1	0:00:01.434091
2214	4	4	1	0:00:01.432751
2215	4	3	0	0:00:01.429724
2216	4	3	0	0:00:01.432680
2217	4	3	0	0:00:01.428670
2218	4	3	0	0:00:02.741553
2219	4	4	1	0:00:02.981917
2220	4	4	1	0:00:02.995124
2221	4	4	1	0:00:02.999191
2222	4	4	1	0:00:03.026916
2223	4	4	1	0:00:03.051941
2224	4	4	1	0:00:02.993149
2225	4	4	1	0:00:03.052912
2226	4	4	1	0:00:03.059350
2227	4	4	1	0:00:03.024167
2228	4	4	1	0:00:03.033960
2229	4	4	1	0:00:03.054082
2230	4	4	1	0:00:03.027648
2231	4	4	1	0:00:03.059879
2232	4	4	1	0:00:03.043653
2233	4	4	1	0:00:03.024530
2234	4	4	1	0:00:03.100494
2235	4	4	1	0:00:03.076247
2236	4	4	1	0:00:03.024712
2237	4	4	1	0:00:03.076296
2238	4	4	1	0:00:03.084695
2239	4	3	0	0:00:03.041404
2240	4	3	0	0:00:03.047070
2241	4	3	0	0:00:03.062211
2242	4	4	1	0:00:03.030415
2243	4	4	1	0:00:03.063245
2244	4	4	1	0:00:03.053582
2245	4	4	1	0:00:03.021180
2246	4	4	1	0:00:03.059678
2247	4	4	1	0:00:03.052868
2248	4	4	1	0:00:03.019600
2249	4	4	1	0:00:03.050309
2250	3	3	1	0:00:03.044531
2251	3	3	1	0:00:03.019243
2252	3	3	1	0:00:03.051304
2253	3	3	1	0:00:03.050185
2254	3	3	1	0:00:03.018552
2255	3	3	1	0:00:03.048012
2256	3	3	1	0:00:03.038904
2257	3	3	1	0:00:03.038423
2258	3	3	1	0:00:03.022959
2259	3	3	1	0:00:03.045125
2260	3	3	1	0:00:03.038101
2261	3	3	1	0:00:03.015809
2262	3	3	1	0:00:03.045788
2263	3	3	1	0:00:03.046527
2264	3	3	1	0:00:03.010091
2265	3	3	1	0:00:03.034225
2266	3	3	1	0:00:03.045394
2267	3	3	1	0:00:03.007166
2268	3	3	1	0:00:03.041945
2269	3	3	1	0:00:03.042117
2270	3	3	1	0:00:02.997072
2271	3	3	1	0:00:03.039425
2272	3	3	1	0:00:03.082754
2273	3	3	1	0:00:03.025719
2274	3	4	0	0:00:03.055333
2275	3	4	0	0:00:03.050693
2276	3	3	1	0:00:03.019126
2277	3	3	1	0:00:03.025616
2278	3	3	1	0:00:03.073541
2279	3	3	1	0:00:03.013528
2280	3	3	1	0:00:03.038650
2281	3	4	0	0:00:03.051685
2282	3	3	1	0:00:03.066114
2283	3	3	1	0:00:03.066794
2284	3	4	0	0:00:03.007545
2285	3	4	0	0:00:03.046976
2286	5	5	1	0:00:03.049813
2287	5	5	1	0:00:03.022244
2288	5	5	1	0:00:03.038635
2289	5	5	1	0:00:03.045391
2290	5	5	1	0:00:02.995565
2291	5	5	1	0:00:03.040864
2292	5	5	1	0:00:03.037079
2293	5	5	1	0:00:03.007034
2294	5	5	1	0:00:03.047169
2295	5	5	1	0:00:03.044621
2296	5	5	1	0:00:03.013384
2297	5	5	1	0:00:03.036942
2298	5	5	1	0:00:03.031416
2299	5	5	1	0:00:03.196781
2300	5	5	1	0:00:03.033733
2301	5	5	1	0:00:03.033108
2302	5	5	1	0:00:02.998692
2303	5	5	1	0:00:03.049682
2304	5	5	1	0:00:03.054880
2305	5	5	1	0:00:03.036421
2306	5	5	1	0:00:03.046494
2307	5	5	1	0:00:03.007813
2308	5	5	1	0:00:03.031898
2309	5	5	1	0:00:03.038463
2310	5	5	1	0:00:03.005791
2311	5	5	1	0:00:03.040359
2312	5	5	1	0:00:03.038819
2313	5	5	1	0:00:02.988256
2314	5	5	1	0:00:03.034620
2315	5	5	1	0:00:03.032747
2316	5	5	1	0:00:03.000473
2317	0	0	1	0:00:03.044183
2318	0	0	1	0:00:03.028438
2319	0	1	0	0:00:03.002863
2320	0	1	0	0:00:03.028342
2321	0	0	1	0:00:03.025734
2322	0	1	0	0:00:03.000718
2323	0	1	0	0:00:03.035498
2324	0	1	0	0:00:03.032993
2325	0	0	1	0:00:03.003630
2326	0	1	0	0:00:03.031066
2327	0	0	1	0:00:03.034020
2328	0	1	0	0:00:03.080907
2329	0	1	0	0:00:03.037903
2330	0	1	0	0:00:03.041403
2331	0	1	0	0:00:02.996082
2332	0	1	0	0:00:03.026390
2333	0	0	1	0:00:03.051174
2334	0	0	1	0:00:02.998749
2335	0	0	1	0:00:03.037757
2336	0	0	1	0:00:03.034464
2337	0	0	1	0:00:02.997058
2338	0	0	1	0:00:03.039236
2339	0	1	0	0:00:03.026068
2340	0	1	0	0:00:03.035755
2341	0	1	0	0:00:03.041138
2342	0	1	0	0:00:03.033693
2343	0	1	0	0:00:03.006194
2344	2	2	1	0:00:03.033390
2345	2	0	0	0:00:03.027990
2346	2	0	0	0:00:03.064880
2347	2	2	1	0:00:03.067114
2348	2	2	1	0:00:02.993570
2349	2	0	0	0:00:03.060466
2350	2	2	1	0:00:03.071877
2351	2	0	0	0:00:03.027028
2352	2	0	0	0:00:03.041926
2353	2	0	0	0:00:03.299315
2354	2	0	0	0:00:03.080813
2355	2	0	0	0:00:03.085858
2356	2	0	0	0:00:03.010158
2357	2	0	0	0:00:03.037476
2358	2	0	0	0:00:03.043233
2359	2	0	0	0:00:03.012826
2360	2	2	1	0:00:03.028701
2361	2	2	1	0:00:03.053793
2362	2	0	0	0:00:03.038962
2363	2	0	0	0:00:03.031857
2364	2	0	0	0:00:03.007480
2365	2	2	1	0:00:03.022994
2366	1	0	0	0:00:03.071644
2367	1	0	0	0:00:03.050314
2368	1	1	1	0:00:03.036955
2369	1	0	0	0:00:03.044145
2370	1	2	0	0:00:03.010602
2371	1	2	0	0:00:03.150934
2372	1	0	0	0:00:03.113069
2373	1	0	0	0:00:03.035252
2374	1	0	0	0:00:03.046947
2375	1	0	0	0:00:03.007701
2376	1	0	0	0:00:03.032266
2377	1	2	0	0:00:03.025610
2378	1	2	0	0:00:02.992902
2379	1	0	0	0:00:03.038714
2380	1	0	0	0:00:03.039855
2381	1	0	0	0:00:03.004318
2382	1	0	0	0:00:03.037231
2383	1	0	0	0:00:03.027503
2384	1	0	0	0:00:02.981844
2385	1	2	0	0:00:03.033252
2386	1	2	0	0:00:03.029350
2387	1	2	0	0:00:03.003916
2388	1	2	0	0:00:03.030700
2389	1	2	0	0:00:03.029101
2390	1	0	0	0:00:03.056831
2391	1	2	0	0:00:03.065160
2392	4	0	0	0:00:03.065610
2393	4	4	1	0:00:03.046586
2394	4	4	1	0:00:03.067421
2395	4	4	1	0:00:03.104816
2396	4	4	1	0:00:03.061426
2397	4	4	1	0:00:03.057019
2398	4	4	1	0:00:03.014539
2399	4	4	1	0:00:03.099164
2400	4	4	1	0:00:03.079386
2401	4	4	1	0:00:03.011007
2402	4	4	1	0:00:03.056675
2403	4	4	1	0:00:03.144197
2404	4	4	1	0:00:03.032824
2405	4	4	1	0:00:03.040487
2406	4	4	1	0:00:03.010063
2407	4	0	0	0:00:03.087922
2408	4	0	0	0:00:03.036903
2409	4	4	1	0:00:03.129917
2410	4	4	1	0:00:03.027698
2411	4	4	1	0:00:02.995613
2412	4	4	1	0:00:03.028089
2413	4	4	1	0:00:03.032008
2414	4	4	1	0:00:03.018092
2415	4	4	1	0:00:03.035678
2416	4	4	1	0:00:03.030856
2417	4	4	1	0:00:03.005070
2418	4	4	1	0:00:03.035536
2419	4	4	1	0:00:03.023014
2420	4	4	1	0:00:02.997790
2421	4	4	1	0:00:03.039955
2422	4	4	1	0:00:03.039003
2423	4	4	1	0:00:03.007905
2424	4	4	1	0:00:03.074721
2425	4	4	1	0:00:03.053733
2426	4	4	1	0:00:03.021293
2427	3	3	1	0:00:03.047852
2428	3	3	1	0:00:03.031737
2429	3	3	1	0:00:03.007579
2430	3	3	1	0:00:03.046431
2431	3	3	1	0:00:03.010012
2432	3	3	1	0:00:03.042241
2433	3	3	1	0:00:03.019126
2434	3	3	1	0:00:03.042916
2435	3	3	1	0:00:03.047597
2436	3	3	1	0:00:03.020400
2437	3	3	1	0:00:03.029741
2438	3	3	1	0:00:03.036827
2439	3	3	1	0:00:03.042643
2440	3	3	1	0:00:03.012630
2441	3	3	1	0:00:03.030134
2442	3	4	0	0:00:03.035999
2443	3	4	0	0:00:03.039885
2444	3	4	0	0:00:03.037962
2445	3	3	1	0:00:03.042156
2446	3	4	0	0:00:03.044765
2447	3	4	0	0:00:03.050224
2448	3	3	1	0:00:03.033483
2449	3	3	1	0:00:03.054724
2450	3	4	0	0:00:03.038958
2451	3	4	0	0:00:03.046316
2452	3	4	0	0:00:03.029513
2453	3	4	0	0:00:03.131701
2454	3	4	0	0:00:03.117520
2455	3	4	0	0:00:03.060688
2456	3	4	0	0:00:03.029597
2457	5	5	1	0:00:03.038851
2458	5	5	1	0:00:03.048657
2459	5	5	1	0:00:03.050850
2460	5	5	1	0:00:03.035495
2461	5	5	1	0:00:03.048734
2462	5	5	1	0:00:03.047482
2463	5	5	1	0:00:03.050184
2464	5	5	1	0:00:03.038171
2465	5	5	1	0:00:03.106876
2466	5	5	1	0:00:03.078203
2467	5	5	1	0:00:03.053544
2468	5	5	1	0:00:03.036440
2469	5	5	1	0:00:03.046333
2470	5	5	1	0:00:03.187219
2471	5	5	1	0:00:03.157593
2472	5	5	1	0:00:03.016707
2473	5	5	1	0:00:03.021641
2474	5	5	1	0:00:03.042487
2475	5	5	1	0:00:03.042042
2476	5	5	1	0:00:03.016693
2477	5	5	1	0:00:03.042301
2478	5	5	1	0:00:03.034279
2479	5	5	1	0:00:03.046062
2480	5	5	1	0:00:03.338260
2481	5	5	1	0:00:03.025743
2482	5	5	1	0:00:03.043671
2483	5	5	1	0:00:03.049252
2484	5	5	1	0:00:03.029313
2485	5	5	1	0:00:03.042422
2486	5	5	1	0:00:03.050189
2487	5	5	1	0:00:03.049554
2488	5	5	1	0:00:03.046437
2489	5	5	1	0:00:03.059332
2490	5	5	1	0:00:03.079963
2491	5	5	1	0:00:03.069710
2492	5	5	1	0:00:03.021285
2493	5	5	1	0:00:03.057591
2494	0	0	1	0:00:03.053429
2495	0	2	0	0:00:03.061529
2496	0	2	0	0:00:03.039817
2497	0	2	0	0:00:03.052720
2498	0	2	0	0:00:03.044853
2499	0	0	1	0:00:03.052479
2500	0	0	1	0:00:03.032366
2501	0	2	0	0:00:03.040466
2502	0	2	0	0:00:03.029726
2503	0	0	1	0:00:03.044916
2504	0	0	1	0:00:03.022955
2505	0	0	1	0:00:03.057683
2506	0	2	0	0:00:03.044227
2507	0	2	0	0:00:03.049706
2508	0	0	1	0:00:03.051814
2509	0	0	1	0:00:03.041838
2510	0	2	0	0:00:03.044338
2511	0	0	1	0:00:02.197577
2512	0	0	1	0:00:01.432153
2513	0	2	0	0:00:01.434683
2514	0	2	0	0:00:01.430519
2515	0	2	0	0:00:01.431245
2516	0	2	0	0:00:01.432370
2517	0	2	0	0:00:01.432295
2518	2	0	0	0:00:01.750104
2519	2	2	1	0:00:03.377665
2520	2	2	1	0:00:03.026040
2521	2	2	1	0:00:03.007047
2522	2	2	1	0:00:03.021779
2523	2	2	1	0:00:03.049005
2524	2	2	1	0:00:03.151004
2525	2	2	1	0:00:03.060496
2526	2	2	1	0:00:03.048182
2527	2	2	1	0:00:03.033768
2528	2	2	1	0:00:03.048700
2529	2	2	1	0:00:03.034933
2530	2	0	0	0:00:03.038083
2531	2	0	0	0:00:03.056017
2532	2	2	1	0:00:03.043221
2533	2	2	1	0:00:03.023128
2534	2	2	1	0:00:03.053252
2535	2	2	1	0:00:03.054076
2536	2	2	1	0:00:03.022436
2537	2	2	1	0:00:03.058489
2538	2	2	1	0:00:03.050420
2539	2	2	1	0:00:03.017518
2540	2	2	1	0:00:03.057062
2541	1	2	0	0:00:03.057142
2542	1	2	0	0:00:03.016596
2543	1	2	0	0:00:03.045238
2544	1	2	0	0:00:03.055986
2545	1	2	0	0:00:03.052886
2546	1	2	0	0:00:03.018033
2547	1	0	0	0:00:03.076984
2548	1	1	1	0:00:03.093632
2549	1	0	0	0:00:03.039847
2550	1	2	0	0:00:03.065747
2551	1	2	0	0:00:03.045929
2552	1	2	0	0:00:03.006617
2553	1	0	0	0:00:03.056747
2554	1	0	0	0:00:03.058476
2555	1	0	0	0:00:03.024204
2556	1	2	0	0:00:03.054535
2557	1	2	0	0:00:03.150886
2558	1	2	0	0:00:03.061172
2559	1	2	0	0:00:03.042571
2560	1	2	0	0:00:03.028775
2561	1	2	0	0:00:03.048856
2562	1	2	0	0:00:03.051668
2563	1	2	0	0:00:03.016603
2564	1	0	0	0:00:03.041266
2565	1	0	0	0:00:03.051294
2566	4	4	1	0:00:03.034770
2567	4	3	0	0:00:03.030414
2568	4	4	1	0:00:03.046978
2569	4	4	1	0:00:03.035720
2570	4	3	0	0:00:03.016922
2571	4	4	1	0:00:03.042393
2572	4	4	1	0:00:03.044183
2573	4	4	1	0:00:03.011008
2574	4	4	1	0:00:03.121202
2575	4	4	1	0:00:03.281623
2576	4	4	1	0:00:03.045532
2577	4	4	1	0:00:03.038441
2578	4	4	1	0:00:03.003784
2579	4	4	1	0:00:03.050406
2580	4	4	1	0:00:03.040383
2581	4	4	1	0:00:03.010613
2582	4	4	1	0:00:03.046961
2583	4	4	1	0:00:03.033828
2584	4	4	1	0:00:03.013425
2585	4	4	1	0:00:03.047524
2586	4	4	1	0:00:03.044886
2587	4	4	1	0:00:03.007519
2588	4	4	1	0:00:03.050513
2589	4	4	1	0:00:03.043698
2590	4	4	1	0:00:03.005600
2591	4	4	1	0:00:03.040539
2592	4	4	1	0:00:03.037990
2593	4	4	1	0:00:03.013078
2594	4	4	1	0:00:03.040688
2595	4	4	1	0:00:03.045903
2596	4	4	1	0:00:03.009827
2597	4	4	1	0:00:03.047158
2598	4	4	1	0:00:03.024997
2599	3	3	1	0:00:03.011378
2600	3	3	1	0:00:03.029110
2601	3	3	1	0:00:03.039214
2602	3	3	1	0:00:03.009116
2603	3	3	1	0:00:03.046766
2604	3	3	1	0:00:03.044816
2605	3	3	1	0:00:03.034365
2606	3	3	1	0:00:03.071994
2607	3	3	1	0:00:03.050803
2608	3	3	1	0:00:03.008437
2609	3	3	1	0:00:03.048486
2610	3	3	1	0:00:03.051060
2611	3	3	1	0:00:03.019872
2612	3	3	1	0:00:03.042707
2613	3	3	1	0:00:03.033653
2614	3	3	1	0:00:03.011966
2615	3	3	1	0:00:03.041471
2616	3	3	1	0:00:03.042453
2617	3	3	1	0:00:03.020516
2618	3	3	1	0:00:03.048413
2619	3	3	1	0:00:03.023005
2620	3	4	0	0:00:03.025453
2621	3	4	0	0:00:03.043289
2622	3	4	0	0:00:03.031836
2623	3	4	0	0:00:03.008942
2624	3	4	0	0:00:03.032918
2625	3	4	0	0:00:03.041537
2626	3	4	0	0:00:03.002501
2627	3	4	0	0:00:03.040190
2628	3	4	0	0:00:03.024657
2629	3	4	0	0:00:03.025155
2630	3	4	0	0:00:03.041749
2631	3	4	0	0:00:03.017067
2632	3	4	0	0:00:03.026978
2633	5	5	1	0:00:03.035174
2634	5	5	1	0:00:03.029110
2635	5	5	1	0:00:03.022747
2636	5	5	1	0:00:03.039115
2637	5	5	1	0:00:03.019917
2638	5	5	1	0:00:03.027802
2639	5	5	1	0:00:03.040195
2640	5	5	1	0:00:03.006757
2641	5	5	1	0:00:03.040314
2642	5	5	1	0:00:03.045027
2643	5	5	1	0:00:02.997333
2644	5	5	1	0:00:03.029034
2645	5	5	1	0:00:03.041354
2646	5	5	1	0:00:03.014712
2647	5	5	1	0:00:03.034209
2648	5	5	1	0:00:03.038952
2649	5	5	1	0:00:03.002411
2650	5	5	1	0:00:03.056540
2651	5	5	1	0:00:03.048191
2652	5	5	1	0:00:03.043962
2653	5	5	1	0:00:03.064456
2654	5	5	1	0:00:03.059260
2655	5	5	1	0:00:03.031298
2656	5	5	1	0:00:03.037793
2657	5	5	1	0:00:03.040446
2658	5	5	1	0:00:03.022765
2659	5	5	1	0:00:03.037380
2660	5	5	1	0:00:03.038216
2661	5	5	1	0:00:03.004224
2662	5	5	1	0:00:03.042599
2663	5	5	1	0:00:03.040613
2664	5	5	1	0:00:03.009199
2665	5	5	1	0:00:03.043384
2666	5	5	1	0:00:03.037640
2667	5	5	1	0:00:02.972604
2668	5	5	1	0:00:03.024296
2669	0	0	1	0:00:03.037523
2670	0	0	1	0:00:02.992224
2671	0	0	1	0:00:03.038515
2672	0	0	1	0:00:03.033322
2673	0	0	1	0:00:03.000713
2674	0	0	1	0:00:03.075182
2675	0	0	1	0:00:03.037047
2676	0	0	1	0:00:03.021790
2677	0	0	1	0:00:03.044742
2678	0	1	0	0:00:03.014712
2679	0	1	0	0:00:03.039252
2680	0	0	1	0:00:03.033636
2681	0	0	1	0:00:03.007235
2682	0	0	1	0:00:03.050783
2683	0	2	0	0:00:03.037511
2684	0	0	1	0:00:03.000357
2685	0	0	1	0:00:03.034421
2686	0	0	1	0:00:03.073534
2687	0	0	1	0:00:03.025039
2688	0	0	1	0:00:03.034006
2689	0	0	1	0:00:03.043887
2690	0	0	1	0:00:03.023951
2691	0	0	1	0:00:03.035974
2692	0	0	1	0:00:03.040845
2693	0	0	1	0:00:03.019356
2694	0	0	1	0:00:03.063179
2695	0	0	1	0:00:03.058788
2696	0	0	1	0:00:02.994198
2697	2	0	0	0:00:03.045002
2698	2	0	0	0:00:03.046771
2699	2	0	0	0:00:03.007668
2700	2	0	0	0:00:03.038991
2701	2	0	0	0:00:03.041130
2702	2	0	0	0:00:03.005962
2703	2	0	0	0:00:03.043239
2704	2	0	0	0:00:03.032079
2705	2	0	0	0:00:03.004682
2706	2	0	0	0:00:03.041028
2707	2	0	0	0:00:03.026961
2708	2	0	0	0:00:03.025018
2709	2	0	0	0:00:03.036305
2710	2	0	0	0:00:03.018345
2711	2	0	0	0:00:03.023425
2712	2	1	0	0:00:03.047451
2713	2	1	0	0:00:03.075025
2714	2	1	0	0:00:03.090162
2715	2	1	0	0:00:03.086475
2716	2	0	0	0:00:03.040402
2717	2	0	0	0:00:03.046771
2718	2	0	0	0:00:03.045233
2719	2	0	0	0:00:03.012079
2720	2	0	0	0:00:03.037361
2721	2	0	0	0:00:03.026599
2722	2	0	0	0:00:03.059770
2723	2	0	0	0:00:03.052942
2724	1	0	0	0:00:02.988854
2725	1	0	0	0:00:03.063709
2726	1	0	0	0:00:03.066430
2727	1	0	0	0:00:03.019421
2728	1	0	0	0:00:03.037182
2729	1	0	0	0:00:03.028934
2730	1	0	0	0:00:03.014718
2731	1	0	0	0:00:03.039130
2732	1	0	0	0:00:03.028904
2733	1	0	0	0:00:03.047792
2734	1	0	0	0:00:03.044037
2735	1	0	0	0:00:03.066469
2736	1	0	0	0:00:03.058085
2737	1	0	0	0:00:03.036975
2738	1	0	0	0:00:03.045962
2739	1	0	0	0:00:03.049829
2740	1	0	0	0:00:03.051289
2741	1	0	0	0:00:03.033708
2742	1	0	0	0:00:03.040768
2743	1	0	0	0:00:03.047919
2744	1	0	0	0:00:03.054165
2745	1	1	1	0:00:03.032545
2746	1	0	0	0:00:03.035676
2747	1	0	0	0:00:03.042107
2748	1	0	0	0:00:03.049390
2749	1	0	0	0:00:03.034695
2750	1	0	0	0:00:03.034340
2751	1	0	0	0:00:03.051742
2752	1	0	0	0:00:03.049640
2753	4	4	1	0:00:03.034294
2754	4	4	1	0:00:03.035854
2755	4	4	1	0:00:03.046968
2756	4	4	1	0:00:03.042179
2757	4	3	0	0:00:03.034652
2758	4	4	1	0:00:03.039109
2759	4	4	1	0:00:03.056546
2760	4	4	1	0:00:03.046430
2761	4	4	1	0:00:03.031345
2762	4	4	1	0:00:03.041203
2763	4	4	1	0:00:03.042990
2764	4	4	1	0:00:03.047489
2765	4	4	1	0:00:03.034504
2766	4	4	1	0:00:03.041288
2767	4	3	0	0:00:03.046920
2768	4	4	1	0:00:03.052471
2769	4	3	0	0:00:03.035023
2770	4	3	0	0:00:03.049044
2771	4	4	1	0:00:03.051125
2772	4	4	1	0:00:03.023193
2773	4	4	1	0:00:03.008641
2774	4	4	1	0:00:03.041200
2775	4	4	1	0:00:03.024898
2776	4	4	1	0:00:03.055586
2777	4	4	1	0:00:03.044838
2778	4	4	1	0:00:03.073812
2779	4	4	1	0:00:03.045321
2780	4	4	1	0:00:03.036895
2781	4	4	1	0:00:03.047762
2782	4	4	1	0:00:03.030489
2783	4	4	1	0:00:03.031282
2784	4	4	1	0:00:03.041926
2785	4	4	1	0:00:03.041304
2786	4	4	1	0:00:03.025583
2787	4	4	1	0:00:03.037142
2788	4	4	1	0:00:03.033213
2789	3	3	1	0:00:03.043150
2790	3	3	1	0:00:03.022395
2791	3	3	1	0:00:03.068140
2792	3	3	1	0:00:03.038012
2793	3	3	1	0:00:03.021506
2794	3	3	1	0:00:03.022600
2795	3	3	1	0:00:03.040189
2796	3	3	1	0:00:03.019668
2797	3	3	1	0:00:03.043981
2798	3	3	1	0:00:03.042606
2799	3	3	1	0:00:03.031842
2800	3	3	1	0:00:03.031635
2801	3	3	1	0:00:03.045825
2802	3	3	1	0:00:03.045926
2803	3	3	1	0:00:03.024594
2804	3	3	1	0:00:03.055480
2805	3	3	1	0:00:03.043780
2806	3	4	0	0:00:03.052964
2807	3	4	0	0:00:03.076911
2808	3	4	0	0:00:03.045318
2809	3	4	0	0:00:03.058393
2810	3	4	0	0:00:03.055620
2811	3	4	0	0:00:03.040926
2812	3	4	0	0:00:02.693160
2813	3	4	0	0:00:01.452720
2814	3	4	0	0:00:01.451756
2815	3	4	0	0:00:01.456133
2816	3	4	0	0:00:01.450014
2817	3	4	0	0:00:01.448662
2818	3	4	0	0:00:01.449603
2819	3	4	0	0:00:01.462191
2820	3	4	0	0:00:02.989952
2821	3	4	0	0:00:02.987482
2822	3	4	0	0:00:03.136494
2823	5	5	1	0:00:02.998802
2824	5	5	1	0:00:02.983498
2825	5	5	1	0:00:03.020311
2826	5	5	1	0:00:03.034475
2827	5	5	1	0:00:03.008337
2828	5	5	1	0:00:03.164552
2829	5	5	1	0:00:03.026608
2830	5	5	1	0:00:03.006598
2831	5	5	1	0:00:03.053864
2832	5	5	1	0:00:03.043338
2833	5	5	1	0:00:03.018327
2834	5	5	1	0:00:03.049543
2835	5	5	1	0:00:03.046206
2836	5	5	1	0:00:03.055184
2837	5	5	1	0:00:03.029263
2838	5	5	1	0:00:03.050280
2839	5	5	1	0:00:03.045144
2840	5	5	1	0:00:03.041585
2841	5	5	1	0:00:03.220715
2842	5	5	1	0:00:03.032222
2843	5	5	1	0:00:03.047010
2844	5	5	1	0:00:03.050967
2845	5	5	1	0:00:03.078321
2846	5	5	1	0:00:03.057830
2847	5	5	1	0:00:03.050376
2848	5	5	1	0:00:03.060139
2849	5	5	1	0:00:03.221591
2850	5	5	1	0:00:03.262219
2851	5	5	1	0:00:03.050723
2852	5	5	1	0:00:03.051330
2853	5	5	1	0:00:03.034717
2854	5	5	1	0:00:03.032821
2855	5	5	1	0:00:03.051019
2856	5	5	1	0:00:03.047149
2857	5	5	1	0:00:03.019763
2858	5	5	1	0:00:03.029993
2859	0	0	1	0:00:03.032122
2860	0	0	1	0:00:03.007073
2861	0	0	1	0:00:03.038365
2862	0	0	1	0:00:03.039239
2863	0	0	1	0:00:02.999706
2864	0	0	1	0:00:03.052536
2865	0	0	1	0:00:03.039001
2866	0	0	1	0:00:03.034157
2867	0	0	1	0:00:02.993500
2868	0	0	1	0:00:03.039425
2869	0	0	1	0:00:03.041821
2870	0	0	1	0:00:03.004280
2871	0	0	1	0:00:03.120821
2872	0	0	1	0:00:03.085383
2873	0	2	0	0:00:03.006303
2874	0	0	1	0:00:03.035194
2875	0	0	1	0:00:03.049112
2876	0	0	1	0:00:02.992800
2877	0	0	1	0:00:03.171897
2878	0	0	1	0:00:03.036143
2879	0	0	1	0:00:03.016163
2880	0	0	1	0:00:03.040429
2881	0	0	1	0:00:03.053921
2882	0	0	1	0:00:03.007735
2883	0	0	1	0:00:03.039440
2884	0	0	1	0:00:03.045153
2885	0	0	1	0:00:02.987350
2886	0	2	0	0:00:03.026255
2887	0	2	0	0:00:03.030529
2888	0	1	0	0:00:03.127538
2889	2	0	0	0:00:03.044812
2890	2	0	0	0:00:03.043348
2891	2	0	0	0:00:03.002130
2892	2	0	0	0:00:03.031966
2893	2	1	0	0:00:03.035451
2894	2	2	1	0:00:03.011995
2895	2	2	1	0:00:03.044386
2896	2	1	0	0:00:03.037823
2897	2	1	0	0:00:03.002788
2898	2	0	0	0:00:03.044659
2899	2	0	0	0:00:03.039415
2900	2	0	0	0:00:02.999178
2901	2	2	1	0:00:03.042116
2902	2	2	1	0:00:03.041375
2903	2	0	0	0:00:02.985496
2904	2	0	0	0:00:03.022915
2905	2	0	0	0:00:03.042871
2906	2	0	0	0:00:02.994595
2907	2	0	0	0:00:03.041543
2908	1	0	0	0:00:03.038435
2909	1	0	0	0:00:03.098970
2910	1	0	0	0:00:03.036999
2911	1	0	0	0:00:03.045504
2912	1	0	0	0:00:03.000383
2913	1	0	0	0:00:03.036834
2914	1	0	0	0:00:03.037485
2915	1	0	0	0:00:02.998889
2916	1	0	0	0:00:03.042683
2917	1	0	0	0:00:03.016789
2918	1	0	0	0:00:02.996684
2919	1	0	0	0:00:03.041218
2920	1	0	0	0:00:03.039445
2921	1	0	0	0:00:03.005070
2922	1	0	0	0:00:03.051884
2923	1	0	0	0:00:03.272443
2924	1	0	0	0:00:03.357834
2925	1	0	0	0:00:03.153179
2926	1	0	0	0:00:03.075093
2927	1	0	0	0:00:03.240336
2928	2	0	0	0:00:03.041482
2929	2	0	0	0:00:03.047496
2930	2	2	1	0:00:03.016440
2931	2	2	1	0:00:03.045348
2932	2	2	1	0:00:03.041028
2933	2	0	0	0:00:03.012464
2934	2	0	0	0:00:03.052666
2935	2	0	0	0:00:03.063303
2936	2	0	0	0:00:02.994263
2937	1	0	0	0:00:03.037530
2938	1	0	0	0:00:03.032418
2939	1	0	0	0:00:03.005744
2940	1	1	1	0:00:03.045988
2941	1	0	0	0:00:03.051933
2942	1	0	0	0:00:02.994784
2943	1	0	0	0:00:03.028899
2944	1	0	0	0:00:03.032542
2945	1	0	0	0:00:03.032356
2946	1	0	0	0:00:02.995860
