idx	label	predict	correct	time
0	4	-1	0	0:00:01.513044
1	4	-1	0	0:00:01.483588
2	4	3	0	0:00:01.494622
3	4	3	0	0:00:01.503196
4	4	3	0	0:00:01.535013
5	4	3	0	0:00:01.501065
6	4	3	0	0:00:01.507866
7	4	3	0	0:00:01.600272
8	4	3	0	0:00:01.532637
9	4	-1	0	0:00:01.544671
10	4	3	0	0:00:01.522019
11	4	3	0	0:00:01.512910
12	4	3	0	0:00:01.504646
13	4	3	0	0:00:01.513124
14	4	3	0	0:00:01.470991
15	4	3	0	0:00:01.524340
16	4	-1	0	0:00:01.486193
17	4	-1	0	0:00:01.538790
18	4	-1	0	0:00:01.475543
19	4	-1	0	0:00:01.536380
20	4	-1	0	0:00:01.527016
21	4	-1	0	0:00:01.543404
22	4	3	0	0:00:01.549529
23	4	3	0	0:00:01.532675
24	4	-1	0	0:00:01.516175
25	4	-1	0	0:00:01.512379
26	4	-1	0	0:00:01.511899
27	4	-1	0	0:00:01.537829
28	4	-1	0	0:00:01.491772
29	4	-1	0	0:00:01.522717
30	4	-1	0	0:00:01.519965
31	3	4	0	0:00:01.483999
32	3	4	0	0:00:01.493733
33	3	4	0	0:00:01.576766
34	3	4	0	0:00:01.537359
35	3	4	0	0:00:01.507452
36	3	4	0	0:00:01.516212
37	3	4	0	0:00:01.487913
38	3	4	0	0:00:01.496104
39	3	4	0	0:00:01.537438
40	3	4	0	0:00:01.525533
41	3	4	0	0:00:01.521986
42	3	4	0	0:00:01.500211
43	3	4	0	0:00:01.502727
44	3	3	1	0:00:01.511525
45	3	3	1	0:00:01.500025
46	3	4	0	0:00:01.504802
47	3	4	0	0:00:01.522946
48	3	4	0	0:00:01.524574
49	3	4	0	0:00:01.522099
50	3	4	0	0:00:01.539221
51	3	4	0	0:00:01.498696
52	3	4	0	0:00:01.557387
53	3	4	0	0:00:01.490796
54	3	4	0	0:00:01.555030
55	5	5	1	0:00:01.489856
56	5	5	1	0:00:01.493491
57	5	5	1	0:00:01.541410
58	5	5	1	0:00:01.507857
59	5	5	1	0:00:01.547323
60	5	5	1	0:00:01.542839
61	5	5	1	0:00:01.527699
62	5	5	1	0:00:01.494349
63	5	5	1	0:00:01.494004
64	5	5	1	0:00:01.477104
65	5	5	1	0:00:01.506873
66	5	5	1	0:00:01.535105
67	5	5	1	0:00:01.527282
68	5	5	1	0:00:01.539598
69	5	5	1	0:00:01.551843
70	5	5	1	0:00:01.549597
71	5	5	1	0:00:01.540408
72	5	5	1	0:00:01.560958
73	5	5	1	0:00:01.575514
74	5	5	1	0:00:01.521844
75	5	5	1	0:00:01.541391
76	5	5	1	0:00:01.546112
77	5	5	1	0:00:01.551752
78	5	5	1	0:00:01.524479
79	0	-1	0	0:00:01.512748
80	0	3	0	0:00:01.528211
81	0	-1	0	0:00:01.544303
82	0	3	0	0:00:01.534071
83	0	-1	0	0:00:01.563137
84	0	-1	0	0:00:01.546771
85	0	3	0	0:00:01.548743
86	0	3	0	0:00:01.522841
87	0	3	0	0:00:01.520989
88	0	3	0	0:00:01.543279
89	0	-1	0	0:00:01.540586
90	0	3	0	0:00:01.528852
91	0	-1	0	0:00:01.509269
92	0	-1	0	0:00:01.519719
93	0	3	0	0:00:01.544062
94	0	3	0	0:00:01.524947
95	0	3	0	0:00:01.504830
96	0	-1	0	0:00:01.514618
97	0	-1	0	0:00:01.557037
98	0	3	0	0:00:01.532554
99	0	-1	0	0:00:01.518131
100	0	-1	0	0:00:01.542171
101	0	-1	0	0:00:01.521233
102	0	-1	0	0:00:01.505026
103	0	3	0	0:00:01.503238
104	0	-1	0	0:00:01.560581
105	0	3	0	0:00:01.565833
106	0	3	0	0:00:01.520136
107	0	3	0	0:00:01.525157
108	0	3	0	0:00:01.532987
109	2	5	0	0:00:01.495568
110	2	5	0	0:00:01.478765
111	2	5	0	0:00:01.483590
112	2	5	0	0:00:01.519860
113	2	5	0	0:00:01.478338
114	2	5	0	0:00:01.525253
115	2	5	0	0:00:01.530114
116	2	5	0	0:00:01.479721
117	2	5	0	0:00:01.500333
118	2	5	0	0:00:01.501147
119	2	5	0	0:00:01.521519
120	2	5	0	0:00:01.503305
121	2	5	0	0:00:01.494075
122	2	5	0	0:00:01.478975
123	2	5	0	0:00:01.518761
124	2	5	0	0:00:01.568505
125	2	5	0	0:00:01.505128
126	2	5	0	0:00:01.577601
127	2	5	0	0:00:01.566073
128	2	5	0	0:00:01.595949
129	2	5	0	0:00:01.601702
130	2	5	0	0:00:01.574769
131	2	5	0	0:00:01.559425
132	2	5	0	0:00:01.549595
133	1	-1	0	0:00:01.539004
134	1	5	0	0:00:01.533031
135	1	5	0	0:00:01.509875
136	1	5	0	0:00:01.526173
137	1	5	0	0:00:01.576470
138	1	5	0	0:00:01.536995
139	1	5	0	0:00:01.568877
140	1	5	0	0:00:01.558782
141	1	5	0	0:00:01.522183
142	1	5	0	0:00:01.538150
143	1	5	0	0:00:01.597789
144	1	5	0	0:00:01.496261
145	1	5	0	0:00:01.515709
146	1	5	0	0:00:01.494220
147	1	5	0	0:00:01.516198
148	1	5	0	0:00:01.515114
149	1	5	0	0:00:01.515482
150	1	5	0	0:00:01.528864
151	1	5	0	0:00:01.486954
152	1	5	0	0:00:01.494017
153	1	5	0	0:00:01.498486
154	1	5	0	0:00:01.501387
155	1	5	0	0:00:01.506077
156	1	5	0	0:00:01.505926
157	1	5	0	0:00:01.484937
158	4	3	0	0:00:01.478944
159	4	3	0	0:00:01.487159
160	4	3	0	0:00:01.500797
161	4	3	0	0:00:01.511619
162	4	3	0	0:00:01.480007
163	4	3	0	0:00:01.492588
164	4	3	0	0:00:01.477576
165	4	3	0	0:00:01.493770
166	4	3	0	0:00:01.548187
167	4	3	0	0:00:01.596566
168	4	3	0	0:00:01.567611
169	4	-1	0	0:00:01.534081
170	4	-1	0	0:00:01.540340
171	4	-1	0	0:00:01.507073
172	4	-1	0	0:00:01.514927
173	4	-1	0	0:00:01.512837
174	4	-1	0	0:00:01.501203
175	4	-1	0	0:00:01.503538
176	4	-1	0	0:00:01.570822
177	4	-1	0	0:00:01.578281
178	4	-1	0	0:00:01.487636
179	4	3	0	0:00:01.489143
180	4	-1	0	0:00:01.484082
181	3	3	1	0:00:01.498022
182	3	3	1	0:00:01.475127
183	3	3	1	0:00:01.484836
184	3	3	1	0:00:01.521678
185	3	3	1	0:00:01.488237
186	3	3	1	0:00:01.570350
187	3	3	1	0:00:01.558113
188	3	3	1	0:00:01.524686
189	3	3	1	0:00:01.522825
190	3	3	1	0:00:01.536338
191	3	3	1	0:00:01.578897
192	3	3	1	0:00:01.541648
193	3	3	1	0:00:01.601273
194	3	3	1	0:00:01.521101
195	3	-1	0	0:00:01.533273
196	3	-1	0	0:00:01.599495
197	3	-1	0	0:00:01.545135
198	3	-1	0	0:00:01.543472
199	3	-1	0	0:00:01.592386
200	3	-1	0	0:00:01.509403
201	3	-1	0	0:00:01.514668
202	3	-1	0	0:00:01.494094
203	5	5	1	0:00:01.505279
204	5	5	1	0:00:01.493285
205	5	5	1	0:00:01.541124
206	5	5	1	0:00:01.528221
207	5	5	1	0:00:01.508648
208	5	5	1	0:00:01.495466
209	5	5	1	0:00:01.499122
210	5	5	1	0:00:01.488507
211	5	5	1	0:00:01.502143
212	5	5	1	0:00:01.507675
213	5	5	1	0:00:01.519836
214	5	5	1	0:00:01.461698
215	5	5	1	0:00:01.569897
216	5	5	1	0:00:01.481870
217	5	5	1	0:00:01.524766
218	5	5	1	0:00:01.498885
219	5	5	1	0:00:01.519267
220	5	5	1	0:00:01.498645
221	5	5	1	0:00:01.497820
222	5	5	1	0:00:01.488678
223	5	5	1	0:00:01.519456
224	5	5	1	0:00:01.500063
225	5	5	1	0:00:01.534958
226	5	5	1	0:00:01.554742
227	0	3	0	0:00:01.555749
228	0	5	0	0:00:01.519437
229	0	5	0	0:00:01.500096
230	0	-1	0	0:00:01.497977
231	0	3	0	0:00:01.527130
232	0	-1	0	0:00:01.486839
233	0	3	0	0:00:01.489861
234	0	3	0	0:00:01.487816
235	0	-1	0	0:00:01.519931
236	0	3	0	0:00:01.440938
237	0	-1	0	0:00:01.423954
238	0	-1	0	0:00:01.426397
239	0	-1	0	0:00:01.422071
240	0	3	0	0:00:01.424659
241	0	3	0	0:00:01.424179
242	0	-1	0	0:00:01.426620
243	0	-1	0	0:00:01.423976
244	0	5	0	0:00:01.421739
245	0	5	0	0:00:01.420050
246	0	-1	0	0:00:01.421665
247	0	-1	0	0:00:01.420637
248	0	-1	0	0:00:01.422698
249	0	-1	0	0:00:01.442663
250	0	3	0	0:00:01.419207
251	0	-1	0	0:00:01.426594
252	0	3	0	0:00:01.423952
253	0	-1	0	0:00:01.423473
254	0	5	0	0:00:01.420975
255	0	5	0	0:00:01.419852
256	2	0	0	0:00:01.423199
257	2	5	0	0:00:01.449376
258	2	5	0	0:00:01.484585
259	2	5	0	0:00:01.420798
260	2	5	0	0:00:01.424520
261	2	5	0	0:00:01.423176
262	2	5	0	0:00:01.425682
263	2	5	0	0:00:01.426574
264	2	5	0	0:00:01.430285
265	2	5	0	0:00:01.430145
266	2	5	0	0:00:01.427498
267	2	5	0	0:00:01.429731
268	2	5	0	0:00:01.467639
269	2	5	0	0:00:01.425169
270	2	5	0	0:00:01.434307
271	2	5	0	0:00:01.426910
272	2	5	0	0:00:01.420795
273	2	5	0	0:00:01.419466
274	2	5	0	0:00:01.429811
275	2	5	0	0:00:01.421753
276	2	5	0	0:00:01.421690
277	2	5	0	0:00:01.427089
278	2	5	0	0:00:01.422557
279	1	-1	0	0:00:01.421098
280	1	5	0	0:00:01.421410
281	1	5	0	0:00:01.426957
282	1	5	0	0:00:01.468006
283	1	5	0	0:00:01.449891
284	1	5	0	0:00:01.453618
285	1	5	0	0:00:01.445353
286	1	5	0	0:00:01.449111
287	1	5	0	0:00:01.449065
288	1	5	0	0:00:01.446132
289	1	5	0	0:00:01.444110
290	1	5	0	0:00:01.447393
291	1	5	0	0:00:01.446519
292	1	5	0	0:00:01.443503
293	1	5	0	0:00:01.443645
294	1	5	0	0:00:01.446700
295	1	5	0	0:00:01.443013
296	1	5	0	0:00:01.446717
297	1	5	0	0:00:01.451595
298	1	5	0	0:00:01.448915
299	1	5	0	0:00:01.454826
300	1	5	0	0:00:01.441626
301	1	-1	0	0:00:01.438940
302	4	3	0	0:00:01.437278
303	4	3	0	0:00:01.444148
304	4	3	0	0:00:01.441079
305	4	3	0	0:00:01.437148
306	4	3	0	0:00:01.437401
307	4	3	0	0:00:01.436892
308	4	3	0	0:00:01.463553
309	4	3	0	0:00:01.457833
310	4	3	0	0:00:01.474911
311	4	3	0	0:00:01.471127
312	4	3	0	0:00:01.462014
313	4	3	0	0:00:01.461618
314	4	3	0	0:00:01.454045
315	4	-1	0	0:00:01.459772
316	4	3	0	0:00:01.450393
317	4	3	0	0:00:01.450819
318	4	3	0	0:00:01.454418
319	4	-1	0	0:00:01.448637
320	4	-1	0	0:00:01.449503
321	4	-1	0	0:00:01.449667
322	4	4	1	0:00:01.443423
323	4	4	1	0:00:01.450555
324	4	-1	0	0:00:01.444544
325	4	-1	0	0:00:01.450333
326	4	4	1	0:00:01.450870
327	4	4	1	0:00:01.443894
328	4	3	0	0:00:01.449041
329	4	3	0	0:00:01.451765
330	3	3	1	0:00:01.449417
331	3	3	1	0:00:01.452746
332	3	3	1	0:00:01.444924
333	3	3	1	0:00:01.448279
334	3	3	1	0:00:01.442871
335	3	3	1	0:00:01.444468
336	3	3	1	0:00:01.450817
337	3	3	1	0:00:01.441045
338	3	3	1	0:00:01.443031
339	3	3	1	0:00:01.446324
340	3	3	1	0:00:01.443202
341	3	3	1	0:00:01.440956
342	3	3	1	0:00:01.443857
343	3	3	1	0:00:01.440464
344	3	3	1	0:00:01.443305
345	3	3	1	0:00:01.446035
346	3	3	1	0:00:01.443551
347	3	3	1	0:00:01.448811
348	3	3	1	0:00:01.439582
349	3	3	1	0:00:01.449371
350	3	3	1	0:00:01.474830
351	3	3	1	0:00:01.488763
352	3	3	1	0:00:01.445291
353	3	3	1	0:00:01.445820
354	5	5	1	0:00:01.456550
355	5	5	1	0:00:01.434022
356	5	5	1	0:00:01.429834
357	5	5	1	0:00:01.439267
358	5	5	1	0:00:01.511423
359	5	5	1	0:00:01.428715
360	5	5	1	0:00:01.434234
361	5	5	1	0:00:01.431518
362	5	5	1	0:00:01.431737
363	5	5	1	0:00:01.429302
364	5	5	1	0:00:01.428728
365	5	5	1	0:00:01.425848
366	5	5	1	0:00:01.433512
367	5	5	1	0:00:01.429886
368	5	5	1	0:00:01.425598
369	5	5	1	0:00:01.427161
370	5	5	1	0:00:01.428287
371	5	5	1	0:00:01.426782
372	5	5	1	0:00:01.507883
373	5	5	1	0:00:01.514688
374	5	5	1	0:00:01.437683
375	5	5	1	0:00:01.440729
376	5	5	1	0:00:01.438056
377	5	5	1	0:00:01.434579
378	5	5	1	0:00:01.433410
379	5	5	1	0:00:01.433441
380	5	5	1	0:00:01.429431
381	5	5	1	0:00:01.433927
382	5	5	1	0:00:01.433823
383	5	5	1	0:00:01.437184
384	0	3	0	0:00:01.437016
385	0	3	0	0:00:01.429845
386	0	3	0	0:00:01.434520
387	0	3	0	0:00:01.426308
388	0	5	0	0:00:01.434356
389	0	-1	0	0:00:01.432020
390	0	3	0	0:00:01.432117
391	0	3	0	0:00:01.436066
392	0	3	0	0:00:01.432672
393	0	3	0	0:00:01.436878
394	0	3	0	0:00:01.429110
395	0	3	0	0:00:01.430248
396	0	3	0	0:00:01.427404
397	0	3	0	0:00:01.426329
398	0	3	0	0:00:01.435627
399	0	3	0	0:00:01.429583
400	0	3	0	0:00:01.437265
401	0	3	0	0:00:01.432906
402	0	3	0	0:00:01.431801
403	0	3	0	0:00:01.431563
404	0	3	0	0:00:01.439052
405	0	-1	0	0:00:01.426296
406	0	-1	0	0:00:01.428094
407	0	3	0	0:00:01.435074
408	0	3	0	0:00:01.426105
409	0	3	0	0:00:01.433590
410	0	3	0	0:00:01.432176
411	0	3	0	0:00:01.437273
412	0	3	0	0:00:01.432420
413	0	3	0	0:00:01.590866
414	0	3	0	0:00:01.467635
415	2	-1	0	0:00:01.457107
416	2	5	0	0:00:01.456030
417	2	5	0	0:00:01.450416
418	2	5	0	0:00:01.444884
419	2	5	0	0:00:01.446913
420	2	3	0	0:00:01.467295
421	2	-1	0	0:00:01.430483
422	2	-1	0	0:00:01.435951
423	2	5	0	0:00:01.445017
424	2	5	0	0:00:01.434909
425	2	5	0	0:00:01.427873
426	2	5	0	0:00:01.431198
427	2	5	0	0:00:01.419675
428	2	5	0	0:00:01.415148
429	2	5	0	0:00:01.418318
430	2	5	0	0:00:01.423247
431	2	-1	0	0:00:01.422866
432	2	5	0	0:00:01.464342
433	2	5	0	0:00:01.434057
434	2	5	0	0:00:01.435699
435	2	5	0	0:00:01.438292
436	2	5	0	0:00:01.438056
437	2	5	0	0:00:01.437695
438	1	5	0	0:00:01.437494
439	1	5	0	0:00:01.435835
440	1	5	0	0:00:01.442641
441	1	5	0	0:00:01.434492
442	1	5	0	0:00:01.431594
443	1	5	0	0:00:01.434121
444	1	5	0	0:00:01.435763
445	1	5	0	0:00:01.435549
446	1	5	0	0:00:01.433614
447	1	5	0	0:00:01.431772
448	1	5	0	0:00:01.433592
449	1	5	0	0:00:01.435383
450	1	5	0	0:00:01.432134
451	1	5	0	0:00:01.435796
452	1	5	0	0:00:01.438443
453	1	5	0	0:00:01.434235
454	1	5	0	0:00:01.436640
455	1	-1	0	0:00:01.435017
456	1	-1	0	0:00:01.436175
457	1	5	0	0:00:01.446972
458	1	5	0	0:00:01.437286
459	1	5	0	0:00:01.436732
460	1	5	0	0:00:01.437212
461	1	5	0	0:00:01.436705
462	1	5	0	0:00:01.429908
463	1	5	0	0:00:01.437950
464	1	5	0	0:00:01.438939
465	1	5	0	0:00:01.437166
466	4	3	0	0:00:01.435874
467	4	3	0	0:00:01.439924
468	4	3	0	0:00:01.432333
469	4	3	0	0:00:01.428351
470	4	3	0	0:00:01.439655
471	4	-1	0	0:00:01.436462
472	4	3	0	0:00:01.438521
473	4	3	0	0:00:01.438358
474	4	4	1	0:00:01.433229
475	4	-1	0	0:00:01.462921
476	4	-1	0	0:00:01.515186
477	4	-1	0	0:00:01.478894
478	4	-1	0	0:00:01.485094
479	4	-1	0	0:00:01.516976
480	4	-1	0	0:00:01.444354
481	4	3	0	0:00:01.483916
482	4	3	0	0:00:01.453664
483	4	-1	0	0:00:01.448294
484	4	-1	0	0:00:01.447360
485	4	-1	0	0:00:01.442853
486	4	3	0	0:00:01.448016
487	4	3	0	0:00:01.445532
488	4	3	0	0:00:01.444456
489	4	-1	0	0:00:01.443212
490	4	3	0	0:00:01.435256
491	4	3	0	0:00:01.438356
492	4	-1	0	0:00:01.441580
493	4	3	0	0:00:01.445685
494	3	3	1	0:00:01.437482
495	3	3	1	0:00:01.444351
496	3	3	1	0:00:01.442185
497	3	3	1	0:00:01.439344
498	3	3	1	0:00:01.458299
499	3	3	1	0:00:01.439047
500	3	3	1	0:00:01.438308
501	3	3	1	0:00:01.437898
502	3	3	1	0:00:01.440721
503	3	3	1	0:00:01.441533
504	3	3	1	0:00:01.433806
505	3	3	1	0:00:01.443238
506	3	3	1	0:00:01.441629
507	3	3	1	0:00:01.447111
508	3	3	1	0:00:01.435664
509	3	3	1	0:00:01.434916
510	3	3	1	0:00:01.444195
511	3	-1	0	0:00:01.432085
512	3	-1	0	0:00:01.435229
513	3	-1	0	0:00:01.437852
514	3	-1	0	0:00:01.446796
515	3	3	1	0:00:01.433103
516	3	3	1	0:00:01.445234
517	3	3	1	0:00:01.438068
518	3	3	1	0:00:01.439983
519	3	3	1	0:00:01.436662
520	5	5	1	0:00:01.437083
521	5	5	1	0:00:01.447432
522	5	5	1	0:00:01.434798
523	5	5	1	0:00:01.444297
524	5	5	1	0:00:01.439051
525	5	5	1	0:00:01.436720
526	5	5	1	0:00:01.441684
527	5	5	1	0:00:01.442139
528	5	5	1	0:00:01.443946
529	5	5	1	0:00:01.448685
530	5	5	1	0:00:01.440008
531	5	5	1	0:00:01.434899
532	5	5	1	0:00:01.437578
533	5	5	1	0:00:01.436053
534	5	5	1	0:00:01.444112
535	5	5	1	0:00:01.443034
536	5	5	1	0:00:01.432435
537	5	5	1	0:00:01.442239
538	5	5	1	0:00:01.437483
539	5	5	1	0:00:01.439388
540	5	5	1	0:00:01.438570
541	5	5	1	0:00:01.440579
542	5	5	1	0:00:01.442884
543	5	5	1	0:00:01.438021
544	0	3	0	0:00:01.441209
545	0	3	0	0:00:01.432879
546	0	3	0	0:00:01.443402
547	0	3	0	0:00:01.441893
548	0	3	0	0:00:01.444241
549	0	3	0	0:00:01.441161
550	0	3	0	0:00:01.442275
551	0	-1	0	0:00:01.435371
552	0	-1	0	0:00:01.435958
553	0	-1	0	0:00:01.439692
554	0	3	0	0:00:01.441056
555	0	3	0	0:00:01.438192
556	0	3	0	0:00:01.446266
557	0	-1	0	0:00:01.444734
558	0	5	0	0:00:01.441374
559	0	5	0	0:00:01.440959
560	0	-1	0	0:00:01.432981
561	0	3	0	0:00:01.435985
562	0	-1	0	0:00:01.444398
563	0	-1	0	0:00:01.443665
564	0	5	0	0:00:01.438454
565	0	-1	0	0:00:01.440840
566	0	-1	0	0:00:01.443877
567	0	3	0	0:00:01.434798
568	0	3	0	0:00:01.441460
569	0	3	0	0:00:01.440086
570	0	3	0	0:00:01.442237
571	0	-1	0	0:00:01.439343
572	0	-1	0	0:00:01.442129
573	2	5	0	0:00:01.436042
574	2	5	0	0:00:01.434216
575	2	5	0	0:00:01.440297
576	2	5	0	0:00:01.435897
577	2	5	0	0:00:01.441914
578	2	5	0	0:00:01.445852
579	2	5	0	0:00:01.441271
580	2	5	0	0:00:01.436602
581	2	5	0	0:00:01.434906
582	2	5	0	0:00:01.447031
583	2	5	0	0:00:01.431787
584	2	5	0	0:00:01.439537
585	2	5	0	0:00:01.435873
586	2	5	0	0:00:01.444579
587	2	5	0	0:00:01.438493
588	2	5	0	0:00:01.441092
589	2	5	0	0:00:01.444693
590	2	5	0	0:00:01.437348
591	2	5	0	0:00:01.444414
592	2	5	0	0:00:01.433986
593	2	5	0	0:00:01.436774
594	2	5	0	0:00:01.440719
595	1	5	0	0:00:01.431702
596	1	-1	0	0:00:01.441161
597	1	5	0	0:00:01.436481
598	1	5	0	0:00:01.444536
599	1	5	0	0:00:01.438802
600	1	5	0	0:00:01.435010
601	1	5	0	0:00:01.438781
602	1	-1	0	0:00:01.440735
603	1	5	0	0:00:01.438076
604	1	5	0	0:00:01.441061
605	1	5	0	0:00:01.451230
606	1	5	0	0:00:01.447100
607	1	5	0	0:00:01.433433
608	1	5	0	0:00:01.432274
609	1	-1	0	0:00:01.438908
610	1	5	0	0:00:01.438814
611	1	5	0	0:00:01.436793
612	1	5	0	0:00:01.438858
613	1	5	0	0:00:01.436194
614	1	5	0	0:00:01.439929
615	1	3	0	0:00:01.438688
616	1	-1	0	0:00:01.432334
617	1	5	0	0:00:01.443066
618	1	-1	0	0:00:01.437046
619	4	3	0	0:00:01.441489
620	4	-1	0	0:00:01.446212
621	4	-1	0	0:00:01.441383
622	4	-1	0	0:00:01.441783
623	4	-1	0	0:00:01.436959
624	4	-1	0	0:00:01.437542
625	4	-1	0	0:00:01.437933
626	4	-1	0	0:00:01.440823
627	4	-1	0	0:00:01.445206
628	4	-1	0	0:00:01.437573
629	4	-1	0	0:00:01.438315
630	4	3	0	0:00:01.444918
631	4	-1	0	0:00:01.440711
632	4	3	0	0:00:01.438023
633	4	3	0	0:00:01.443288
634	4	3	0	0:00:01.439659
635	4	3	0	0:00:01.438554
636	4	3	0	0:00:01.457561
637	4	3	0	0:00:01.453993
638	4	3	0	0:00:01.457602
639	4	3	0	0:00:01.458302
640	4	3	0	0:00:01.454895
641	3	3	1	0:00:01.452825
642	3	3	1	0:00:01.454107
643	3	3	1	0:00:01.447855
644	3	3	1	0:00:01.440930
645	3	3	1	0:00:01.441529
646	3	3	1	0:00:01.446426
647	3	3	1	0:00:01.436737
648	3	3	1	0:00:01.441873
649	3	3	1	0:00:01.441744
650	3	3	1	0:00:01.438072
651	3	3	1	0:00:01.443426
652	3	3	1	0:00:01.442840
653	3	3	1	0:00:01.447644
654	3	3	1	0:00:01.454124
655	3	3	1	0:00:01.447402
656	3	3	1	0:00:01.438725
657	3	3	1	0:00:01.437006
658	3	3	1	0:00:01.443947
659	3	3	1	0:00:01.444208
660	3	3	1	0:00:01.440529
661	3	3	1	0:00:01.443119
662	3	3	1	0:00:01.446164
663	3	3	1	0:00:01.441206
664	3	3	1	0:00:01.436000
665	3	3	1	0:00:01.474243
666	5	5	1	0:00:01.428247
667	5	5	1	0:00:01.427764
668	5	5	1	0:00:01.428529
669	5	5	1	0:00:01.428041
670	5	5	1	0:00:01.427532
671	5	5	1	0:00:01.423291
672	5	5	1	0:00:01.428701
673	5	5	1	0:00:01.427816
674	5	5	1	0:00:01.434427
675	5	5	1	0:00:01.432168
676	5	5	1	0:00:01.429008
677	5	5	1	0:00:01.425791
678	5	5	1	0:00:01.432290
679	5	5	1	0:00:01.427634
680	5	5	1	0:00:01.423088
681	5	5	1	0:00:01.432340
682	5	5	1	0:00:01.431663
683	5	5	1	0:00:01.431428
684	5	5	1	0:00:01.431035
685	5	5	1	0:00:01.429605
686	5	5	1	0:00:01.470204
687	5	5	1	0:00:01.426486
688	5	5	1	0:00:01.450401
689	5	5	1	0:00:01.420143
690	0	-1	0	0:00:01.428882
691	0	5	0	0:00:01.433069
692	0	5	0	0:00:01.452396
693	0	5	0	0:00:01.473694
694	0	-1	0	0:00:01.431007
695	0	-1	0	0:00:01.453605
696	0	3	0	0:00:01.422370
697	0	-1	0	0:00:01.443095
698	0	-1	0	0:00:01.430887
699	0	3	0	0:00:01.427302
700	0	3	0	0:00:01.434610
701	0	-1	0	0:00:01.428919
702	0	-1	0	0:00:01.449636
703	0	-1	0	0:00:01.492213
704	0	-1	0	0:00:01.431068
705	0	3	0	0:00:01.427247
706	0	-1	0	0:00:01.429616
707	0	3	0	0:00:01.431686
708	0	-1	0	0:00:01.429997
709	0	-1	0	0:00:01.469944
710	0	5	0	0:00:01.442618
711	0	-1	0	0:00:01.434458
712	0	-1	0	0:00:01.439169
713	0	3	0	0:00:01.438988
714	0	3	0	0:00:01.441917
715	0	3	0	0:00:01.454407
716	2	5	0	0:00:01.447855
717	2	5	0	0:00:01.440198
718	2	5	0	0:00:01.439513
719	2	5	0	0:00:01.436801
720	2	5	0	0:00:01.437774
721	2	5	0	0:00:01.442497
722	2	5	0	0:00:01.438704
723	1	-1	0	0:00:01.479969
724	1	-1	0	0:00:01.441509
725	1	5	0	0:00:01.439548
726	1	3	0	0:00:01.442903
727	1	5	0	0:00:01.436181
728	1	-1	0	0:00:01.437236
729	1	3	0	0:00:01.439237
730	1	3	0	0:00:01.506367
731	1	3	0	0:00:01.441417
732	1	5	0	0:00:01.441777
733	2	5	0	0:00:01.436717
734	2	5	0	0:00:01.441003
735	2	5	0	0:00:01.438607
736	2	5	0	0:00:01.439222
737	2	5	0	0:00:01.439198
738	2	5	0	0:00:01.437623
739	1	5	0	0:00:01.442461
740	1	-1	0	0:00:01.436937
741	1	-1	0	0:00:01.436510
742	1	5	0	0:00:01.457647
743	1	3	0	0:00:01.463554
744	1	-1	0	0:00:01.438527
745	1	5	0	0:00:01.442039
746	1	3	0	0:00:01.439121
747	2	5	0	0:00:01.440286
748	2	5	0	0:00:01.439875
749	2	5	0	0:00:01.441921
750	2	5	0	0:00:01.441842
751	2	5	0	0:00:01.435953
752	2	5	0	0:00:01.442521
753	2	5	0	0:00:01.435314
754	2	5	0	0:00:01.439312
755	1	3	0	0:00:01.443394
756	1	3	0	0:00:01.438268
757	1	5	0	0:00:01.442025
758	1	-1	0	0:00:01.446306
759	1	5	0	0:00:01.436700
760	1	5	0	0:00:01.434188
761	1	3	0	0:00:01.439738
762	1	3	0	0:00:01.447891
763	4	3	0	0:00:01.440189
764	4	3	0	0:00:01.440768
765	4	3	0	0:00:01.442122
766	4	3	0	0:00:01.439841
767	4	-1	0	0:00:01.435584
768	4	-1	0	0:00:01.440885
769	4	3	0	0:00:01.436247
770	4	-1	0	0:00:01.444191
771	4	-1	0	0:00:01.442856
772	4	-1	0	0:00:01.437467
773	4	-1	0	0:00:01.441087
774	4	3	0	0:00:01.447503
775	4	3	0	0:00:01.437980
776	4	3	0	0:00:01.501206
777	4	-1	0	0:00:01.424025
778	4	3	0	0:00:01.446222
779	4	3	0	0:00:01.498007
780	4	3	0	0:00:01.446909
781	4	3	0	0:00:01.452295
782	4	3	0	0:00:01.447472
783	4	3	0	0:00:01.446088
784	4	3	0	0:00:01.442367
785	4	3	0	0:00:01.443947
786	3	3	1	0:00:01.448053
787	3	4	0	0:00:01.446029
788	3	4	0	0:00:01.444215
789	3	3	1	0:00:01.439031
790	3	3	1	0:00:01.441880
791	3	3	1	0:00:01.436256
792	3	3	1	0:00:01.442360
793	3	3	1	0:00:01.442545
794	3	3	1	0:00:01.447538
795	3	3	1	0:00:01.442331
796	3	3	1	0:00:01.442582
797	3	3	1	0:00:01.445417
798	3	3	1	0:00:01.445784
799	3	3	1	0:00:01.438867
800	3	3	1	0:00:01.438000
801	3	-1	0	0:00:01.443853
802	3	-1	0	0:00:01.440217
803	3	-1	0	0:00:01.442357
804	3	-1	0	0:00:01.444813
805	3	-1	0	0:00:01.442484
806	3	3	1	0:00:01.442214
807	3	3	1	0:00:01.440994
808	3	3	1	0:00:01.438957
809	3	-1	0	0:00:01.436279
810	3	-1	0	0:00:01.445075
811	5	5	1	0:00:01.438013
812	5	5	1	0:00:01.441852
813	5	5	1	0:00:01.439095
814	5	5	1	0:00:01.477424
815	5	5	1	0:00:01.434713
816	5	5	1	0:00:01.437213
817	5	5	1	0:00:01.436975
818	5	5	1	0:00:01.442376
819	5	5	1	0:00:01.436652
820	5	5	1	0:00:01.464950
821	5	5	1	0:00:01.442376
822	5	5	1	0:00:01.438507
823	5	5	1	0:00:01.435404
824	5	5	1	0:00:01.437266
825	5	5	1	0:00:01.438665
826	5	5	1	0:00:01.438724
827	5	5	1	0:00:01.440386
828	5	5	1	0:00:01.439364
829	5	5	1	0:00:01.438569
830	5	5	1	0:00:01.441915
831	5	5	1	0:00:01.435978
832	5	5	1	0:00:01.435746
833	5	5	1	0:00:01.435660
834	5	5	1	0:00:01.442058
835	5	5	1	0:00:01.441097
836	5	5	1	0:00:01.437191
837	0	-1	0	0:00:01.484969
838	0	-1	0	0:00:01.444461
839	0	5	0	0:00:01.439382
840	0	5	0	0:00:01.464465
841	0	5	0	0:00:01.440604
842	0	-1	0	0:00:01.443107
843	0	5	0	0:00:01.449677
844	0	5	0	0:00:01.456024
845	0	5	0	0:00:01.444588
846	0	5	0	0:00:01.445142
847	0	5	0	0:00:01.463665
848	0	5	0	0:00:01.447610
849	0	-1	0	0:00:01.448403
850	0	5	0	0:00:01.463275
851	0	5	0	0:00:01.444100
852	0	-1	0	0:00:01.447361
853	0	-1	0	0:00:01.448035
854	0	-1	0	0:00:01.461596
855	0	-1	0	0:00:01.440411
856	0	5	0	0:00:01.447490
857	0	5	0	0:00:01.468852
858	0	5	0	0:00:01.441835
859	0	5	0	0:00:01.449150
860	0	5	0	0:00:01.442925
861	0	5	0	0:00:01.443887
862	0	5	0	0:00:01.445797
863	2	5	0	0:00:01.435947
864	2	5	0	0:00:01.440060
865	2	5	0	0:00:01.444862
866	2	5	0	0:00:01.443051
867	2	5	0	0:00:01.441353
868	2	5	0	0:00:01.462284
869	2	5	0	0:00:01.447438
870	2	5	0	0:00:01.453100
871	2	5	0	0:00:01.459188
872	2	5	0	0:00:01.446158
873	2	5	0	0:00:01.437682
874	2	5	0	0:00:01.445712
875	2	5	0	0:00:01.459853
876	2	5	0	0:00:01.447603
877	1	5	0	0:00:01.442170
878	1	5	0	0:00:01.460139
879	1	5	0	0:00:01.440681
880	1	5	0	0:00:01.466812
881	1	5	0	0:00:01.422060
882	1	5	0	0:00:01.420510
883	1	3	0	0:00:01.421050
884	1	5	0	0:00:01.420137
885	1	5	0	0:00:01.424562
886	1	5	0	0:00:01.419860
887	1	5	0	0:00:01.421762
888	1	5	0	0:00:01.417682
889	1	5	0	0:00:01.414159
890	1	5	0	0:00:01.420099
891	1	-1	0	0:00:01.421825
892	1	5	0	0:00:01.417468
893	1	5	0	0:00:01.418653
894	1	5	0	0:00:01.419153
895	1	5	0	0:00:01.415663
896	1	5	0	0:00:01.415171
897	1	5	0	0:00:01.421745
898	1	5	0	0:00:01.421130
899	1	5	0	0:00:01.424087
900	2	5	0	0:00:01.418935
901	2	5	0	0:00:01.422344
902	2	5	0	0:00:01.424606
903	2	5	0	0:00:01.416863
904	2	5	0	0:00:01.419392
905	2	5	0	0:00:01.417113
906	2	5	0	0:00:01.420093
907	4	3	0	0:00:01.421793
908	4	3	0	0:00:01.419499
909	4	3	0	0:00:01.414611
910	4	4	1	0:00:01.418137
911	4	4	1	0:00:01.422410
912	4	4	1	0:00:01.458136
913	4	4	1	0:00:01.421710
914	4	4	1	0:00:01.431347
915	4	4	1	0:00:01.427417
916	4	4	1	0:00:01.424469
917	4	4	1	0:00:01.429864
918	4	4	1	0:00:01.428499
919	4	3	0	0:00:01.425345
920	4	4	1	0:00:01.427441
921	4	4	1	0:00:01.422899
922	4	4	1	0:00:01.428869
923	4	4	1	0:00:01.424263
924	4	4	1	0:00:01.431788
925	4	4	1	0:00:01.424700
926	4	4	1	0:00:01.424127
927	4	4	1	0:00:01.430916
928	4	4	1	0:00:01.421982
929	4	-1	0	0:00:01.423909
930	3	3	1	0:00:01.429344
931	3	3	1	0:00:01.422896
932	3	3	1	0:00:01.427802
933	3	3	1	0:00:01.430809
934	3	3	1	0:00:01.422837
935	3	3	1	0:00:01.421129
936	3	3	1	0:00:01.424961
937	3	3	1	0:00:01.426165
938	3	3	1	0:00:01.424919
939	3	3	1	0:00:01.426562
940	3	3	1	0:00:01.431716
941	3	3	1	0:00:01.425431
942	3	3	1	0:00:01.432697
943	3	3	1	0:00:01.428720
944	3	3	1	0:00:01.424086
945	3	3	1	0:00:01.423638
946	3	3	1	0:00:01.429177
947	3	3	1	0:00:01.424224
948	3	3	1	0:00:01.431103
949	3	3	1	0:00:01.431932
950	3	3	1	0:00:01.428574
951	3	3	1	0:00:01.422561
952	3	3	1	0:00:01.425536
953	3	3	1	0:00:01.429645
954	5	5	1	0:00:01.425020
955	5	5	1	0:00:01.425816
956	5	5	1	0:00:01.429042
957	5	5	1	0:00:01.426214
958	5	5	1	0:00:01.424516
959	5	5	1	0:00:01.425540
960	5	5	1	0:00:01.432078
961	5	5	1	0:00:01.424886
962	5	5	1	0:00:01.427737
963	5	5	1	0:00:01.424092
964	5	5	1	0:00:01.428044
965	5	5	1	0:00:01.426238
966	5	5	1	0:00:01.429514
967	5	5	1	0:00:01.421554
968	5	5	1	0:00:01.424024
969	5	5	1	0:00:01.426170
970	5	5	1	0:00:01.423418
971	5	5	1	0:00:01.433057
972	5	5	1	0:00:01.429364
973	5	5	1	0:00:01.425397
974	5	5	1	0:00:01.428416
975	5	5	1	0:00:01.424727
976	5	5	1	0:00:01.422930
977	5	5	1	0:00:01.422280
978	5	5	1	0:00:01.425840
979	5	5	1	0:00:01.426623
980	5	5	1	0:00:01.424474
981	5	5	1	0:00:01.426941
982	5	5	1	0:00:01.464380
983	5	5	1	0:00:01.428446
984	5	5	1	0:00:01.426532
985	0	5	0	0:00:01.430873
986	0	5	0	0:00:01.442097
987	0	5	0	0:00:01.434226
988	0	5	0	0:00:01.433145
989	0	5	0	0:00:01.431283
990	0	5	0	0:00:01.431135
991	0	5	0	0:00:01.425539
992	0	5	0	0:00:01.439371
993	0	5	0	0:00:01.423958
994	0	5	0	0:00:01.428873
995	0	5	0	0:00:01.433651
996	0	5	0	0:00:01.425764
997	0	-1	0	0:00:01.427290
998	0	3	0	0:00:01.433253
999	0	5	0	0:00:01.425621
1000	0	-1	0	0:00:01.426270
1001	0	-1	0	0:00:01.429186
1002	0	5	0	0:00:01.431902
1003	0	-1	0	0:00:01.427651
1004	0	5	0	0:00:01.430361
1005	0	-1	0	0:00:01.429169
1006	0	-1	0	0:00:01.431665
1007	0	5	0	0:00:01.428999
1008	0	-1	0	0:00:01.428931
1009	0	5	0	0:00:01.425567
1010	0	5	0	0:00:01.432844
1011	0	-1	0	0:00:01.432643
1012	2	5	0	0:00:01.428418
1013	2	5	0	0:00:01.438058
1014	2	5	0	0:00:01.428701
1015	2	5	0	0:00:01.430397
1016	2	5	0	0:00:01.427295
1017	2	5	0	0:00:01.428881
1018	2	5	0	0:00:01.430941
1019	2	5	0	0:00:01.428313
1020	2	5	0	0:00:01.427083
1021	2	5	0	0:00:01.431740
1022	2	5	0	0:00:01.437468
1023	2	5	0	0:00:01.433244
1024	2	5	0	0:00:01.429992
1025	2	5	0	0:00:01.424921
1026	2	5	0	0:00:01.467644
1027	2	5	0	0:00:01.522591
1028	2	5	0	0:00:01.470901
1029	2	5	0	0:00:01.450094
1030	2	5	0	0:00:01.436322
1031	1	5	0	0:00:01.440583
1032	1	5	0	0:00:01.437414
1033	1	5	0	0:00:01.430664
1034	1	5	0	0:00:01.438061
1035	1	5	0	0:00:01.437846
1036	1	5	0	0:00:01.441845
1037	1	5	0	0:00:01.439028
1038	1	5	0	0:00:01.431136
1039	1	5	0	0:00:01.433289
1040	1	5	0	0:00:01.434038
1041	1	5	0	0:00:01.436265
1042	1	5	0	0:00:01.433331
1043	1	-1	0	0:00:01.438708
1044	1	-1	0	0:00:01.438734
1045	1	5	0	0:00:01.432257
1046	1	5	0	0:00:01.433151
1047	1	5	0	0:00:01.438269
1048	1	5	0	0:00:01.433682
1049	1	5	0	0:00:01.434171
1050	1	5	0	0:00:01.435522
1051	1	5	0	0:00:01.433712
1052	1	5	0	0:00:01.431611
1053	1	5	0	0:00:01.435417
1054	4	3	0	0:00:01.426308
1055	4	3	0	0:00:01.432550
1056	4	3	0	0:00:01.425254
1057	4	3	0	0:00:01.431603
1058	4	3	0	0:00:01.430376
1059	4	3	0	0:00:01.439004
1060	4	3	0	0:00:01.432919
1061	4	3	0	0:00:01.429313
1062	4	3	0	0:00:01.438353
1063	4	3	0	0:00:01.428417
1064	4	3	0	0:00:01.429572
1065	4	3	0	0:00:01.428862
1066	4	3	0	0:00:01.431760
1067	4	3	0	0:00:01.428421
1068	4	3	0	0:00:01.431432
1069	4	3	0	0:00:01.491345
1070	4	3	0	0:00:01.491674
1071	4	3	0	0:00:01.517332
1072	4	3	0	0:00:01.495302
1073	4	3	0	0:00:01.457904
1074	4	3	0	0:00:01.450118
1075	3	3	1	0:00:01.453156
1076	3	3	1	0:00:01.443976
1077	3	3	1	0:00:01.449150
1078	3	3	1	0:00:01.445960
1079	3	3	1	0:00:01.446407
1080	3	3	1	0:00:01.448423
1081	3	3	1	0:00:01.436854
1082	3	3	1	0:00:01.445662
1083	3	3	1	0:00:01.437011
1084	3	3	1	0:00:01.438428
1085	3	3	1	0:00:01.436112
1086	3	3	1	0:00:01.439254
1087	3	3	1	0:00:01.438084
1088	3	3	1	0:00:01.453130
1089	3	3	1	0:00:01.448664
1090	3	3	1	0:00:01.443136
1091	3	3	1	0:00:01.452920
1092	3	3	1	0:00:01.423501
1093	3	3	1	0:00:01.432628
1094	3	4	0	0:00:01.410721
1095	3	4	0	0:00:01.415965
1096	3	4	0	0:00:01.420914
1097	3	4	0	0:00:01.409229
1098	3	4	0	0:00:01.416086
1099	3	4	0	0:00:01.420727
1100	3	4	0	0:00:01.418148
1101	3	4	0	0:00:01.412170
1102	3	4	0	0:00:01.414590
1103	3	4	0	0:00:01.425534
1104	3	4	0	0:00:01.414975
1105	5	3	0	0:00:01.418194
1106	5	3	0	0:00:01.417915
1107	5	3	0	0:00:01.427943
1108	5	3	0	0:00:01.416567
1109	5	3	0	0:00:01.422705
1110	5	3	0	0:00:01.422112
1111	5	3	0	0:00:01.416163
1112	5	3	0	0:00:01.412097
1113	5	3	0	0:00:01.412369
1114	5	3	0	0:00:01.419659
1115	5	3	0	0:00:01.414139
1116	5	3	0	0:00:01.433370
1117	5	3	0	0:00:01.422826
1118	5	3	0	0:00:01.411709
1119	5	3	0	0:00:01.411892
1120	5	3	0	0:00:01.422641
1121	5	3	0	0:00:01.414871
1122	5	3	0	0:00:01.415928
1123	5	3	0	0:00:01.413626
1124	5	3	0	0:00:01.411422
1125	5	3	0	0:00:01.413386
1126	5	3	0	0:00:01.415851
1127	5	3	0	0:00:01.414134
1128	5	3	0	0:00:01.414787
1129	5	3	0	0:00:01.414093
1130	5	3	0	0:00:01.415037
1131	5	3	0	0:00:01.418997
1132	0	5	0	0:00:01.468071
1133	0	-1	0	0:00:01.465092
1134	0	5	0	0:00:01.439602
1135	0	-1	0	0:00:01.439317
1136	0	5	0	0:00:01.448114
1137	0	5	0	0:00:01.427079
1138	0	5	0	0:00:01.425772
1139	0	5	0	0:00:01.431639
1140	0	-1	0	0:00:01.540547
1141	0	5	0	0:00:01.476218
1142	0	5	0	0:00:01.456974
1143	0	-1	0	0:00:01.466371
1144	0	5	0	0:00:01.466674
1145	0	5	0	0:00:01.451956
1146	0	5	0	0:00:01.446674
1147	0	5	0	0:00:01.444724
1148	0	-1	0	0:00:01.439564
1149	0	5	0	0:00:01.452305
1150	0	5	0	0:00:01.438455
1151	0	5	0	0:00:01.449910
1152	0	5	0	0:00:01.517767
1153	0	5	0	0:00:01.463916
1154	0	5	0	0:00:01.458211
1155	0	5	0	0:00:01.448068
1156	0	5	0	0:00:01.460729
1157	0	5	0	0:00:01.448639
1158	2	5	0	0:00:01.437894
1159	2	5	0	0:00:01.448507
1160	2	5	0	0:00:01.443465
1161	2	5	0	0:00:01.444944
1162	2	5	0	0:00:01.500763
1163	2	5	0	0:00:01.464885
1164	2	5	0	0:00:01.453658
1165	2	5	0	0:00:01.455876
1166	2	5	0	0:00:01.450015
1167	2	5	0	0:00:01.449602
1168	2	5	0	0:00:01.437731
1169	2	5	0	0:00:01.447836
1170	2	5	0	0:00:01.449255
1171	2	5	0	0:00:01.443475
1172	2	5	0	0:00:01.443419
1173	2	5	0	0:00:01.468022
1174	2	5	0	0:00:01.517890
1175	2	5	0	0:00:01.533166
1176	2	5	0	0:00:01.467360
1177	1	5	0	0:00:01.466143
1178	1	5	0	0:00:01.444081
1179	1	5	0	0:00:01.453431
1180	1	5	0	0:00:01.470787
1181	1	5	0	0:00:01.438374
1182	1	5	0	0:00:01.439191
1183	1	5	0	0:00:01.442319
1184	1	5	0	0:00:01.438022
1185	1	5	0	0:00:01.436795
1186	1	5	0	0:00:01.445762
1187	1	5	0	0:00:01.437227
1188	1	5	0	0:00:01.438975
1189	1	5	0	0:00:01.436882
1190	1	5	0	0:00:01.446778
1191	1	5	0	0:00:01.446020
1192	1	5	0	0:00:01.434831
1193	1	5	0	0:00:01.457232
1194	1	5	0	0:00:01.442385
1195	1	5	0	0:00:01.437410
1196	1	5	0	0:00:01.437450
1197	1	5	0	0:00:01.436960
1198	1	5	0	0:00:01.437116
1199	1	5	0	0:00:01.433652
1200	1	-1	0	0:00:01.442327
1201	4	-1	0	0:00:01.431617
1202	4	-1	0	0:00:01.438579
1203	4	-1	0	0:00:01.438751
1204	4	-1	0	0:00:01.439347
1205	4	-1	0	0:00:01.435827
1206	4	-1	0	0:00:01.435612
1207	4	-1	0	0:00:01.438549
1208	4	-1	0	0:00:01.491600
1209	4	-1	0	0:00:01.478981
1210	4	-1	0	0:00:01.445927
1211	4	-1	0	0:00:01.433028
1212	4	4	1	0:00:01.431868
1213	4	4	1	0:00:01.425226
1214	4	4	1	0:00:01.425179
1215	4	4	1	0:00:01.424727
1216	4	4	1	0:00:01.423301
1217	4	4	1	0:00:01.422462
1218	4	4	1	0:00:01.427593
1219	4	4	1	0:00:01.426798
1220	4	4	1	0:00:01.417207
1221	4	3	0	0:00:01.426409
1222	4	3	0	0:00:01.418591
1223	4	3	0	0:00:01.418999
1224	4	4	1	0:00:01.417526
1225	4	4	1	0:00:01.425596
1226	4	4	1	0:00:01.422489
1227	4	4	1	0:00:01.423259
1228	3	3	1	0:00:01.423067
1229	3	3	1	0:00:01.419311
1230	3	3	1	0:00:01.416791
1231	3	3	1	0:00:01.422142
1232	3	3	1	0:00:01.426847
1233	3	3	1	0:00:01.421027
1234	3	3	1	0:00:01.418852
1235	3	3	1	0:00:01.444811
1236	3	3	1	0:00:01.424184
1237	3	3	1	0:00:01.438739
1238	3	3	1	0:00:01.448349
1239	3	3	1	0:00:01.478650
1240	3	3	1	0:00:01.449443
1241	3	3	1	0:00:01.445500
1242	3	3	1	0:00:01.449908
1243	3	3	1	0:00:01.441983
1244	3	-1	0	0:00:01.442715
1245	3	3	1	0:00:01.443463
1246	3	-1	0	0:00:01.449038
1247	3	-1	0	0:00:01.440690
1248	3	-1	0	0:00:01.443274
1249	3	-1	0	0:00:01.437080
1250	3	-1	0	0:00:01.441776
1251	3	3	1	0:00:01.440073
1252	3	3	1	0:00:01.445469
1253	3	3	1	0:00:01.441588
1254	3	3	1	0:00:01.437070
1255	3	3	1	0:00:01.440969
1256	5	5	1	0:00:01.438942
1257	5	5	1	0:00:01.439487
1258	5	5	1	0:00:01.439044
1259	5	5	1	0:00:01.445079
1260	5	5	1	0:00:01.437732
1261	5	5	1	0:00:01.440899
1262	5	5	1	0:00:01.432785
1263	5	5	1	0:00:01.442819
1264	5	5	1	0:00:01.436383
1265	5	5	1	0:00:01.435425
1266	5	5	1	0:00:01.436240
1267	5	5	1	0:00:01.439246
1268	5	5	1	0:00:01.441207
1269	5	5	1	0:00:01.434923
1270	5	5	1	0:00:01.438297
1271	5	5	1	0:00:01.439031
1272	5	5	1	0:00:01.433955
1273	5	5	1	0:00:01.443175
1274	5	5	1	0:00:01.449201
1275	5	5	1	0:00:01.423197
1276	5	5	1	0:00:01.424371
1277	5	5	1	0:00:01.434775
1278	5	5	1	0:00:01.422262
1279	5	5	1	0:00:01.426918
1280	5	5	1	0:00:01.425264
1281	5	5	1	0:00:01.429173
1282	5	5	1	0:00:01.426505
1283	0	5	0	0:00:01.423286
1284	0	5	0	0:00:01.433194
1285	0	-1	0	0:00:01.425571
1286	0	-1	0	0:00:01.420004
1287	0	5	0	0:00:01.424147
1288	0	5	0	0:00:01.429196
1289	0	-1	0	0:00:01.423186
1290	0	5	0	0:00:01.430264
1291	0	-1	0	0:00:01.427062
1292	0	5	0	0:00:01.425722
1293	0	5	0	0:00:01.419591
1294	0	-1	0	0:00:01.428336
1295	0	5	0	0:00:01.425768
1296	0	-1	0	0:00:01.421248
1297	0	-1	0	0:00:01.420472
1298	0	5	0	0:00:01.423312
1299	0	-1	0	0:00:01.423910
1300	0	5	0	0:00:01.421370
1301	0	-1	0	0:00:01.425731
1302	0	-1	0	0:00:01.426008
1303	0	-1	0	0:00:01.425596
1304	0	-1	0	0:00:01.419827
1305	0	-1	0	0:00:01.427371
1306	0	5	0	0:00:01.425744
1307	0	5	0	0:00:01.424759
1308	0	-1	0	0:00:01.423236
1309	0	5	0	0:00:01.426578
1310	2	5	0	0:00:01.426928
1311	2	5	0	0:00:01.423673
1312	2	5	0	0:00:01.422822
1313	2	5	0	0:00:01.425613
1314	2	5	0	0:00:01.427295
1315	2	5	0	0:00:01.434500
1316	2	5	0	0:00:01.425240
1317	2	-1	0	0:00:01.428046
1318	2	5	0	0:00:01.422013
1319	2	5	0	0:00:01.423182
1320	2	5	0	0:00:01.427702
1321	2	-1	0	0:00:01.425079
1322	2	5	0	0:00:01.424469
1323	2	5	0	0:00:01.430775
1324	2	-1	0	0:00:01.426452
1325	2	5	0	0:00:01.424637
1326	2	5	0	0:00:01.431119
1327	2	5	0	0:00:01.425381
1328	2	5	0	0:00:01.423197
1329	2	5	0	0:00:01.423172
1330	2	5	0	0:00:01.429742
1331	2	5	0	0:00:01.423965
1332	2	5	0	0:00:01.423972
1333	2	5	0	0:00:01.434416
1334	2	5	0	0:00:01.422223
1335	1	5	0	0:00:01.423337
1336	1	5	0	0:00:01.428925
1337	1	5	0	0:00:01.424707
1338	1	5	0	0:00:01.423676
1339	1	5	0	0:00:01.426542
1340	1	5	0	0:00:01.428503
1341	1	5	0	0:00:01.425153
1342	1	-1	0	0:00:01.420998
1343	1	5	0	0:00:01.431344
1344	1	-1	0	0:00:01.424440
1345	1	5	0	0:00:01.420368
1346	1	5	0	0:00:01.426280
1347	1	5	0	0:00:01.427389
1348	1	5	0	0:00:01.426044
1349	1	5	0	0:00:01.425051
1350	1	5	0	0:00:01.424887
1351	1	5	0	0:00:01.429535
1352	1	-1	0	0:00:01.427387
1353	1	5	0	0:00:01.421438
1354	1	5	0	0:00:01.427680
1355	1	-1	0	0:00:01.423815
1356	1	5	0	0:00:01.432808
1357	1	-1	0	0:00:01.426164
1358	1	5	0	0:00:01.422852
1359	1	5	0	0:00:01.428369
1360	1	-1	0	0:00:01.418603
1361	1	3	0	0:00:01.422256
1362	4	5	0	0:00:01.432839
1363	4	5	0	0:00:01.420526
1364	4	-1	0	0:00:01.424907
1365	4	3	0	0:00:01.436178
1366	4	3	0	0:00:01.454135
1367	4	-1	0	0:00:01.432306
1368	4	-1	0	0:00:01.438057
1369	4	4	1	0:00:01.432592
1370	4	4	1	0:00:01.429987
1371	4	4	1	0:00:01.433255
1372	4	4	1	0:00:01.440255
1373	4	4	1	0:00:01.433895
1374	4	4	1	0:00:01.434163
1375	4	4	1	0:00:01.438646
1376	4	-1	0	0:00:01.434690
1377	4	3	0	0:00:01.429505
1378	4	3	0	0:00:01.451482
1379	4	-1	0	0:00:01.436288
1380	4	4	1	0:00:01.434946
1381	4	4	1	0:00:01.438420
1382	4	4	1	0:00:01.467366
1383	4	4	1	0:00:01.424686
1384	4	4	1	0:00:01.452132
1385	4	-1	0	0:00:01.418982
1386	4	-1	0	0:00:01.428393
1387	4	-1	0	0:00:01.424743
1388	4	-1	0	0:00:01.425581
1389	4	3	0	0:00:01.433537
1390	4	3	0	0:00:01.421534
1391	4	3	0	0:00:01.426094
1392	4	3	0	0:00:01.419116
1393	4	-1	0	0:00:01.426154
1394	4	3	0	0:00:01.453759
1395	4	3	0	0:00:01.429600
1396	3	3	1	0:00:01.423558
1397	3	3	1	0:00:01.424950
1398	3	3	1	0:00:01.421884
1399	3	3	1	0:00:01.425931
1400	3	3	1	0:00:01.423449
1401	3	3	1	0:00:01.421468
1402	3	3	1	0:00:01.474654
1403	3	3	1	0:00:01.456699
1404	3	3	1	0:00:01.440072
1405	3	3	1	0:00:01.436826
1406	3	-1	0	0:00:01.433241
1407	3	-1	0	0:00:01.443919
1408	3	-1	0	0:00:01.437124
1409	3	-1	0	0:00:01.452775
1410	3	-1	0	0:00:01.441085
1411	3	-1	0	0:00:01.434840
1412	3	-1	0	0:00:01.434822
1413	3	-1	0	0:00:01.435036
1414	3	-1	0	0:00:01.446204
1415	3	5	0	0:00:01.434935
1416	3	-1	0	0:00:01.435779
1417	3	5	0	0:00:01.443346
1418	3	-1	0	0:00:01.440056
1419	5	5	1	0:00:01.433780
1420	5	5	1	0:00:01.444876
1421	5	5	1	0:00:01.441133
1422	5	5	1	0:00:01.432950
1423	5	5	1	0:00:01.438543
1424	5	5	1	0:00:01.438913
1425	5	5	1	0:00:01.435212
1426	5	5	1	0:00:01.441023
1427	5	5	1	0:00:01.437804
1428	5	5	1	0:00:01.444967
1429	5	5	1	0:00:01.434221
1430	5	5	1	0:00:01.445075
1431	5	5	1	0:00:01.436505
1432	5	5	1	0:00:01.433635
1433	5	5	1	0:00:01.433635
1434	5	5	1	0:00:01.438043
1435	5	5	1	0:00:01.440888
1436	5	5	1	0:00:01.438391
1437	5	5	1	0:00:01.439693
1438	5	5	1	0:00:01.434592
1439	5	5	1	0:00:01.438001
1440	5	5	1	0:00:01.430752
1441	5	5	1	0:00:01.437222
1442	5	5	1	0:00:01.442079
1443	5	5	1	0:00:01.438233
1444	5	5	1	0:00:01.436755
1445	5	5	1	0:00:01.439065
1446	5	5	1	0:00:01.444187
1447	5	5	1	0:00:01.447320
1448	5	5	1	0:00:01.439262
1449	5	5	1	0:00:01.442470
1450	5	5	1	0:00:01.432183
1451	5	5	1	0:00:01.436673
1452	0	5	0	0:00:01.441176
1453	0	5	0	0:00:01.435238
1454	0	5	0	0:00:01.434210
1455	0	5	0	0:00:01.444703
1456	0	5	0	0:00:01.438715
1457	0	5	0	0:00:01.432119
1458	0	-1	0	0:00:01.436604
1459	0	5	0	0:00:01.439232
1460	0	5	0	0:00:01.436075
1461	0	5	0	0:00:01.436589
1462	0	5	0	0:00:01.443989
1463	0	5	0	0:00:01.442061
1464	0	5	0	0:00:01.431804
1465	0	5	0	0:00:01.440321
1466	0	5	0	0:00:01.437816
1467	0	5	0	0:00:01.437593
1468	0	5	0	0:00:01.438092
1469	0	5	0	0:00:01.438235
1470	0	5	0	0:00:01.438748
1471	0	5	0	0:00:01.434662
1472	0	5	0	0:00:01.437518
1473	0	5	0	0:00:01.433196
1474	0	5	0	0:00:01.436214
1475	2	5	0	0:00:01.439878
1476	2	5	0	0:00:01.444288
1477	2	5	0	0:00:01.439483
1478	2	5	0	0:00:01.440884
1479	2	5	0	0:00:01.441641
1480	2	5	0	0:00:01.437937
1481	2	5	0	0:00:01.439099
1482	2	5	0	0:00:01.437575
1483	2	5	0	0:00:01.441099
1484	2	5	0	0:00:01.442325
1485	2	5	0	0:00:01.435148
1486	2	5	0	0:00:01.443500
1487	2	5	0	0:00:01.442768
1488	2	5	0	0:00:01.436090
1489	2	5	0	0:00:01.433835
1490	2	5	0	0:00:01.440831
1491	2	5	0	0:00:01.445586
1492	2	5	0	0:00:01.435731
1493	2	5	0	0:00:01.437919
1494	2	5	0	0:00:01.438859
1495	2	5	0	0:00:01.435285
1496	1	5	0	0:00:01.435331
1497	1	5	0	0:00:01.440797
1498	1	5	0	0:00:01.440464
1499	1	5	0	0:00:01.450134
1500	1	5	0	0:00:01.448723
1501	1	5	0	0:00:01.437406
1502	1	5	0	0:00:01.434980
1503	1	-1	0	0:00:01.440463
1504	1	5	0	0:00:01.441254
1505	1	-1	0	0:00:01.437482
1506	1	5	0	0:00:01.438148
1507	1	5	0	0:00:01.441629
1508	1	5	0	0:00:01.438934
1509	1	5	0	0:00:01.437944
1510	1	5	0	0:00:01.442333
1511	1	-1	0	0:00:01.441372
1512	1	3	0	0:00:01.437720
1513	1	3	0	0:00:01.435633
1514	1	5	0	0:00:01.441142
1515	1	5	0	0:00:01.435647
1516	1	5	0	0:00:01.438589
1517	1	5	0	0:00:01.437115
1518	1	-1	0	0:00:01.440957
1519	1	3	0	0:00:01.438946
1520	1	5	0	0:00:01.447189
1521	4	4	1	0:00:01.436059
1522	4	4	1	0:00:01.438105
1523	4	4	1	0:00:01.471927
1524	4	4	1	0:00:01.430340
1525	4	4	1	0:00:01.428735
1526	4	4	1	0:00:01.441541
1527	4	4	1	0:00:01.423411
1528	4	4	1	0:00:01.436997
1529	4	4	1	0:00:01.430618
1530	4	4	1	0:00:01.427846
1531	4	4	1	0:00:01.436615
1532	4	4	1	0:00:01.433507
1533	4	4	1	0:00:01.426758
1534	4	4	1	0:00:01.425611
1535	4	4	1	0:00:01.421626
1536	4	4	1	0:00:01.423229
1537	4	-1	0	0:00:01.421235
1538	4	-1	0	0:00:01.422242
1539	4	-1	0	0:00:01.440670
1540	4	4	1	0:00:01.425508
1541	4	-1	0	0:00:01.422487
1542	4	-1	0	0:00:01.427849
1543	4	4	1	0:00:01.422949
1544	4	4	1	0:00:01.418145
1545	4	4	1	0:00:01.425539
1546	4	4	1	0:00:01.432200
1547	4	3	0	0:00:01.422037
1548	3	3	1	0:00:01.423718
1549	3	3	1	0:00:01.431510
1550	3	3	1	0:00:01.421502
1551	3	3	1	0:00:01.425145
1552	3	3	1	0:00:01.422676
1553	3	3	1	0:00:01.425578
1554	3	3	1	0:00:01.423019
1555	3	3	1	0:00:01.426784
1556	3	3	1	0:00:01.427095
1557	3	3	1	0:00:01.422112
1558	3	3	1	0:00:01.421112
1559	3	3	1	0:00:01.420380
1560	3	3	1	0:00:01.427304
1561	3	3	1	0:00:01.421837
1562	3	4	0	0:00:01.425467
1563	3	-1	0	0:00:01.423911
1564	3	-1	0	0:00:01.424568
1565	3	-1	0	0:00:01.423591
1566	3	-1	0	0:00:01.426675
1567	3	-1	0	0:00:01.428226
1568	3	-1	0	0:00:01.425497
1569	3	-1	0	0:00:01.419209
1570	3	-1	0	0:00:01.428991
1571	3	-1	0	0:00:01.429019
1572	5	5	1	0:00:01.440756
1573	5	5	1	0:00:01.427344
1574	5	5	1	0:00:01.426321
1575	5	5	1	0:00:01.433446
1576	5	5	1	0:00:01.420966
1577	5	5	1	0:00:01.424039
1578	5	5	1	0:00:01.426534
1579	5	5	1	0:00:01.423705
1580	5	5	1	0:00:01.421903
1581	5	5	1	0:00:01.431734
1582	5	5	1	0:00:01.427362
1583	5	5	1	0:00:01.423725
1584	5	5	1	0:00:01.425253
1585	5	5	1	0:00:01.423383
1586	5	5	1	0:00:01.422281
1587	5	5	1	0:00:01.428854
1588	5	5	1	0:00:01.432038
1589	5	5	1	0:00:01.422506
1590	5	5	1	0:00:01.419934
1591	5	5	1	0:00:01.428475
1592	5	5	1	0:00:01.423543
1593	5	5	1	0:00:01.425109
1594	5	5	1	0:00:01.428131
1595	5	5	1	0:00:01.427761
1596	5	5	1	0:00:01.422670
1597	5	5	1	0:00:01.428483
1598	5	5	1	0:00:01.422016
1599	5	5	1	0:00:01.424193
1600	5	5	1	0:00:01.418592
1601	5	5	1	0:00:01.431850
1602	5	5	1	0:00:01.427922
1603	5	5	1	0:00:01.424488
1604	5	5	1	0:00:01.428331
1605	0	5	0	0:00:01.432857
1606	0	5	0	0:00:01.422693
1607	0	5	0	0:00:01.422422
1608	0	5	0	0:00:01.427207
1609	0	5	0	0:00:01.427209
1610	0	5	0	0:00:01.426252
1611	0	5	0	0:00:01.422316
1612	0	5	0	0:00:01.425942
1613	0	5	0	0:00:01.424322
1614	0	5	0	0:00:01.430189
1615	0	5	0	0:00:01.433700
1616	0	5	0	0:00:01.444936
1617	0	5	0	0:00:01.422049
1618	0	5	0	0:00:01.422273
1619	0	5	0	0:00:01.424226
1620	0	5	0	0:00:01.427061
1621	0	5	0	0:00:01.421117
1622	0	5	0	0:00:01.434511
1623	0	5	0	0:00:01.433205
1624	0	5	0	0:00:01.423939
1625	0	5	0	0:00:01.421582
1626	0	5	0	0:00:01.426311
1627	0	5	0	0:00:01.427100
1628	0	5	0	0:00:01.420594
1629	0	5	0	0:00:01.427793
1630	0	5	0	0:00:01.445407
1631	0	5	0	0:00:01.422425
1632	0	5	0	0:00:01.422240
1633	0	5	0	0:00:01.425683
1634	0	5	0	0:00:01.421619
1635	2	5	0	0:00:01.425837
1636	2	-1	0	0:00:01.429286
1637	2	5	0	0:00:01.435646
1638	2	5	0	0:00:01.423567
1639	2	5	0	0:00:01.428128
1640	2	5	0	0:00:01.424896
1641	2	5	0	0:00:01.423144
1642	2	5	0	0:00:01.422469
1643	2	5	0	0:00:01.428122
1644	2	-1	0	0:00:01.429215
1645	2	5	0	0:00:01.424450
1646	2	5	0	0:00:01.424129
1647	2	5	0	0:00:01.424311
1648	2	5	0	0:00:01.422920
1649	2	5	0	0:00:01.424629
1650	2	5	0	0:00:01.433529
1651	2	5	0	0:00:01.428988
1652	2	5	0	0:00:01.426732
1653	2	5	0	0:00:01.422053
1654	2	5	0	0:00:01.428322
1655	2	5	0	0:00:01.420091
1656	2	5	0	0:00:01.427329
1657	2	5	0	0:00:01.419171
1658	2	5	0	0:00:01.427016
1659	2	5	0	0:00:01.426014
1660	2	5	0	0:00:01.423149
1661	2	5	0	0:00:01.422249
1662	1	-1	0	0:00:01.426880
1663	1	-1	0	0:00:01.433589
1664	1	-1	0	0:00:01.420858
1665	1	-1	0	0:00:01.430203
1666	1	5	0	0:00:01.425307
1667	1	5	0	0:00:01.421848
1668	1	-1	0	0:00:01.428298
1669	1	5	0	0:00:01.428281
1670	1	5	0	0:00:01.422811
1671	1	5	0	0:00:01.428172
1672	1	3	0	0:00:01.428061
1673	1	-1	0	0:00:01.425834
1674	1	5	0	0:00:01.434542
1675	1	-1	0	0:00:01.431345
1676	1	5	0	0:00:01.424842
1677	1	5	0	0:00:01.422103
1678	1	5	0	0:00:01.429265
1679	1	5	0	0:00:01.428366
1680	1	5	0	0:00:01.421785
1681	1	5	0	0:00:01.424891
1682	1	5	0	0:00:01.428813
1683	1	5	0	0:00:01.426022
1684	1	5	0	0:00:01.423067
1685	1	5	0	0:00:01.429291
1686	1	5	0	0:00:01.436926
1687	1	5	0	0:00:01.427186
1688	1	-1	0	0:00:01.428307
1689	1	5	0	0:00:01.419753
1690	1	5	0	0:00:01.425793
1691	1	5	0	0:00:01.427652
1692	1	5	0	0:00:01.425969
1693	4	3	0	0:00:01.429185
1694	4	3	0	0:00:01.421768
1695	4	3	0	0:00:01.432410
1696	4	3	0	0:00:01.432442
1697	4	4	1	0:00:01.419730
1698	4	4	1	0:00:01.434308
1699	4	4	1	0:00:01.426566
1700	4	4	1	0:00:01.426640
1701	4	4	1	0:00:01.428910
1702	4	4	1	0:00:01.425932
1703	4	4	1	0:00:01.425694
1704	4	4	1	0:00:01.426745
1705	4	4	1	0:00:01.421881
1706	4	3	0	0:00:01.425572
1707	4	3	0	0:00:01.463096
1708	4	-1	0	0:00:01.426603
1709	4	-1	0	0:00:01.424710
1710	4	-1	0	0:00:01.435903
1711	4	-1	0	0:00:01.427973
1712	4	-1	0	0:00:01.421347
1713	4	-1	0	0:00:01.426816
1714	4	-1	0	0:00:01.432914
1715	4	-1	0	0:00:01.424906
1716	4	-1	0	0:00:01.424357
1717	4	-1	0	0:00:01.433597
1718	4	-1	0	0:00:01.423840
1719	4	-1	0	0:00:01.425903
1720	4	-1	0	0:00:01.437307
1721	4	-1	0	0:00:01.426678
1722	4	-1	0	0:00:01.429123
1723	3	3	1	0:00:01.428328
1724	3	3	1	0:00:01.429519
1725	3	3	1	0:00:01.426943
1726	3	3	1	0:00:01.419503
1727	3	3	1	0:00:01.447279
1728	3	3	1	0:00:01.428334
1729	3	3	1	0:00:01.430717
1730	3	3	1	0:00:01.453992
1731	3	3	1	0:00:01.435253
1732	3	3	1	0:00:01.432432
1733	3	3	1	0:00:01.445035
1734	3	3	1	0:00:01.446793
1735	3	3	1	0:00:01.448277
1736	3	3	1	0:00:01.433769
1737	3	3	1	0:00:01.422637
1738	3	3	1	0:00:01.436523
1739	3	3	1	0:00:01.433348
1740	3	3	1	0:00:01.439326
1741	3	3	1	0:00:01.427040
1742	3	3	1	0:00:01.431623
1743	3	3	1	0:00:01.428691
1744	3	3	1	0:00:01.423785
1745	3	3	1	0:00:01.422171
1746	3	3	1	0:00:01.428754
1747	3	3	1	0:00:01.429173
1748	5	5	1	0:00:01.437100
1749	5	5	1	0:00:01.437860
1750	5	5	1	0:00:01.427190
1751	5	5	1	0:00:01.426224
1752	5	5	1	0:00:01.426335
1753	5	5	1	0:00:01.426284
1754	5	5	1	0:00:01.424506
1755	5	5	1	0:00:01.429074
1756	5	5	1	0:00:01.434144
1757	5	5	1	0:00:01.423529
1758	5	5	1	0:00:01.459053
1759	5	5	1	0:00:01.441776
1760	5	5	1	0:00:01.436078
1761	5	5	1	0:00:01.438670
1762	5	5	1	0:00:01.419751
1763	5	5	1	0:00:01.424697
1764	5	5	1	0:00:01.413602
1765	5	5	1	0:00:01.419724
1766	5	5	1	0:00:01.419382
1767	5	5	1	0:00:01.414525
1768	5	5	1	0:00:01.413782
1769	5	5	1	0:00:01.422164
1770	5	5	1	0:00:01.462235
1771	5	5	1	0:00:01.415726
1772	5	5	1	0:00:01.420568
1773	5	5	1	0:00:01.418829
1774	5	5	1	0:00:01.416680
1775	5	5	1	0:00:01.421917
1776	5	5	1	0:00:01.422257
1777	0	-1	0	0:00:01.421835
1778	0	5	0	0:00:01.414362
1779	0	5	0	0:00:01.415615
1780	0	5	0	0:00:01.421372
1781	0	5	0	0:00:01.427928
1782	0	5	0	0:00:01.423613
1783	0	5	0	0:00:01.415771
1784	0	5	0	0:00:01.523986
1785	0	5	0	0:00:01.419572
1786	0	5	0	0:00:01.417904
1787	0	5	0	0:00:01.412648
1788	0	-1	0	0:00:01.420311
1789	0	5	0	0:00:01.448608
1790	0	5	0	0:00:01.427145
1791	0	5	0	0:00:01.441352
1792	0	-1	0	0:00:01.425280
1793	0	-1	0	0:00:01.428837
1794	0	5	0	0:00:01.432551
1795	0	5	0	0:00:01.429895
1796	0	5	0	0:00:01.423282
1797	0	3	0	0:00:01.436688
1798	0	-1	0	0:00:01.453815
1799	0	-1	0	0:00:01.425655
1800	0	5	0	0:00:01.426009
1801	0	-1	0	0:00:01.429558
1802	0	5	0	0:00:01.433247
1803	0	5	0	0:00:01.430998
1804	2	5	0	0:00:01.429580
1805	2	5	0	0:00:01.470963
1806	2	5	0	0:00:01.419100
1807	2	5	0	0:00:01.439295
1808	2	5	0	0:00:01.432193
1809	2	5	0	0:00:01.425415
1810	2	5	0	0:00:01.428435
1811	2	5	0	0:00:01.432420
1812	2	5	0	0:00:01.440989
1813	2	5	0	0:00:01.442503
1814	2	5	0	0:00:01.433499
1815	2	5	0	0:00:01.431913
1816	2	5	0	0:00:01.423545
1817	2	5	0	0:00:01.432468
1818	2	5	0	0:00:01.431852
1819	2	5	0	0:00:01.488886
1820	2	5	0	0:00:01.426987
1821	2	5	0	0:00:01.423552
1822	2	5	0	0:00:01.466311
1823	2	5	0	0:00:01.438876
1824	1	-1	0	0:00:01.436728
1825	1	-1	0	0:00:01.437862
1826	1	5	0	0:00:01.461447
1827	1	-1	0	0:00:01.441670
1828	1	5	0	0:00:01.438381
1829	1	5	0	0:00:01.434283
1830	1	3	0	0:00:01.437338
1831	1	3	0	0:00:01.437990
1832	1	3	0	0:00:01.444244
1833	1	3	0	0:00:01.472635
1834	1	-1	0	0:00:01.437901
1835	1	5	0	0:00:01.434813
1836	1	5	0	0:00:01.437542
1837	1	-1	0	0:00:01.442853
1838	1	-1	0	0:00:01.436427
1839	1	3	0	0:00:01.445304
1840	1	5	0	0:00:01.521483
1841	1	3	0	0:00:01.431189
1842	1	5	0	0:00:01.436909
1843	1	5	0	0:00:01.439049
1844	1	5	0	0:00:01.436974
1845	1	5	0	0:00:01.435330
1846	1	3	0	0:00:01.441622
1847	1	-1	0	0:00:01.481757
1848	4	4	1	0:00:01.441805
1849	4	4	1	0:00:01.452277
1850	4	4	1	0:00:01.447534
1851	4	4	1	0:00:01.444875
1852	4	4	1	0:00:01.442672
1853	4	4	1	0:00:01.454347
1854	4	4	1	0:00:01.443869
1855	4	4	1	0:00:01.438406
1856	4	3	0	0:00:01.439270
1857	4	3	0	0:00:01.435712
1858	4	4	1	0:00:01.434311
1859	4	4	1	0:00:01.441908
1860	4	4	1	0:00:01.450038
1861	4	4	1	0:00:01.439707
1862	4	4	1	0:00:01.450724
1863	4	4	1	0:00:01.446135
1864	4	4	1	0:00:01.443149
1865	4	4	1	0:00:01.443294
1866	4	4	1	0:00:01.444798
1867	4	4	1	0:00:01.440142
1868	4	4	1	0:00:01.440574
1869	4	-1	0	0:00:01.436026
1870	4	4	1	0:00:01.437388
1871	4	4	1	0:00:01.434525
1872	4	4	1	0:00:01.435759
1873	4	4	1	0:00:01.437571
1874	4	4	1	0:00:01.442390
1875	4	4	1	0:00:01.437388
1876	4	4	1	0:00:01.438316
1877	4	4	1	0:00:01.440381
1878	4	4	1	0:00:01.436757
1879	4	4	1	0:00:01.433476
1880	4	4	1	0:00:01.438655
1881	4	4	1	0:00:01.450800
1882	4	4	1	0:00:01.441591
1883	4	4	1	0:00:01.442560
1884	4	4	1	0:00:01.443508
1885	4	4	1	0:00:01.434008
1886	4	4	1	0:00:01.431426
1887	4	4	1	0:00:01.434595
1888	3	3	1	0:00:01.454431
1889	3	3	1	0:00:01.439868
1890	3	3	1	0:00:01.441507
1891	3	3	1	0:00:01.440494
1892	3	3	1	0:00:01.437114
1893	3	3	1	0:00:01.442259
1894	3	3	1	0:00:01.444341
1895	3	3	1	0:00:01.465221
1896	3	3	1	0:00:01.445162
1897	3	3	1	0:00:01.448085
1898	3	3	1	0:00:01.448857
1899	3	3	1	0:00:01.438716
1900	3	3	1	0:00:01.438632
1901	3	3	1	0:00:01.445608
1902	3	3	1	0:00:01.448851
1903	3	3	1	0:00:01.446059
1904	3	3	1	0:00:01.451094
1905	3	3	1	0:00:01.439222
1906	3	3	1	0:00:01.439807
1907	3	3	1	0:00:01.442859
1908	3	3	1	0:00:01.442689
1909	3	3	1	0:00:01.470108
1910	3	3	1	0:00:01.441618
1911	3	3	1	0:00:01.445605
1912	3	3	1	0:00:01.438129
1913	3	3	1	0:00:01.441545
1914	3	3	1	0:00:01.451671
1915	3	3	1	0:00:01.446429
1916	3	3	1	0:00:01.469656
1917	3	3	1	0:00:01.440079
1918	5	5	1	0:00:01.434592
1919	5	5	1	0:00:01.440317
1920	5	5	1	0:00:01.435054
1921	5	5	1	0:00:01.434773
1922	5	5	1	0:00:01.442400
1923	5	5	1	0:00:01.458452
1924	5	5	1	0:00:01.433932
1925	5	5	1	0:00:01.436792
1926	5	5	1	0:00:01.438552
1927	5	5	1	0:00:01.441242
1928	5	5	1	0:00:01.431365
1929	5	5	1	0:00:01.444310
1930	5	5	1	0:00:01.464310
1931	5	5	1	0:00:01.417959
1932	5	5	1	0:00:01.425053
1933	5	5	1	0:00:01.419658
1934	5	5	1	0:00:01.421711
1935	5	5	1	0:00:01.421587
1936	5	5	1	0:00:01.427395
1937	5	5	1	0:00:01.427458
1938	5	5	1	0:00:01.428881
1939	5	5	1	0:00:01.429158
1940	5	5	1	0:00:01.419349
1941	5	5	1	0:00:01.421959
1942	5	5	1	0:00:01.427249
1943	5	5	1	0:00:01.442938
1944	5	5	1	0:00:01.427511
1945	5	5	1	0:00:01.429157
1946	5	5	1	0:00:01.442180
1947	5	5	1	0:00:01.420898
1948	5	5	1	0:00:01.432828
1949	5	5	1	0:00:01.425627
1950	0	3	0	0:00:01.425639
1951	0	3	0	0:00:01.424732
1952	0	3	0	0:00:01.422484
1953	0	3	0	0:00:01.419549
1954	0	-1	0	0:00:01.419309
1955	0	5	0	0:00:01.425139
1956	0	-1	0	0:00:01.426002
1957	0	3	0	0:00:01.421939
1958	0	-1	0	0:00:01.460885
1959	0	3	0	0:00:01.427223
1960	0	5	0	0:00:01.420988
1961	0	3	0	0:00:01.420162
1962	0	3	0	0:00:01.429256
1963	0	-1	0	0:00:01.424069
1964	0	3	0	0:00:01.423997
1965	0	3	0	0:00:01.454977
1966	0	3	0	0:00:01.428664
1967	0	3	0	0:00:01.425843
1968	0	-1	0	0:00:01.420632
1969	0	-1	0	0:00:01.420682
1970	0	-1	0	0:00:01.421825
1971	0	-1	0	0:00:01.428674
1972	0	3	0	0:00:01.488181
1973	0	3	0	0:00:01.418018
1974	0	-1	0	0:00:01.421554
1975	0	3	0	0:00:01.422101
1976	0	3	0	0:00:01.417563
1977	0	-1	0	0:00:01.422062
1978	0	3	0	0:00:01.486815
1979	2	5	0	0:00:01.422989
1980	2	-1	0	0:00:01.421633
1981	2	5	0	0:00:01.427297
1982	2	-1	0	0:00:01.417224
1983	2	5	0	0:00:01.420101
1984	2	5	0	0:00:01.424495
1985	2	-1	0	0:00:01.428553
1986	2	5	0	0:00:01.423061
1987	2	5	0	0:00:01.425677
1988	2	5	0	0:00:01.420743
1989	1	3	0	0:00:01.419743
1990	1	-1	0	0:00:01.418959
1991	1	5	0	0:00:01.421968
1992	1	5	0	0:00:01.420233
1993	1	-1	0	0:00:01.423159
1994	1	-1	0	0:00:01.418452
1995	1	-1	0	0:00:01.422580
1996	1	5	0	0:00:01.422691
1997	1	5	0	0:00:01.419729
1998	1	3	0	0:00:01.424605
1999	2	5	0	0:00:01.422080
2000	2	-1	0	0:00:01.432607
2001	2	3	0	0:00:01.420234
2002	2	-1	0	0:00:01.421385
2003	2	5	0	0:00:01.419243
2004	2	5	0	0:00:01.421886
2005	2	5	0	0:00:01.420599
2006	2	5	0	0:00:01.419084
2007	2	5	0	0:00:01.450799
2008	1	-1	0	0:00:01.426977
2009	1	3	0	0:00:01.428225
2010	1	-1	0	0:00:01.429189
2011	1	5	0	0:00:01.429088
2012	1	5	0	0:00:01.424505
2013	1	5	0	0:00:01.438068
2014	1	5	0	0:00:01.442554
2015	1	-1	0	0:00:01.427052
2016	1	3	0	0:00:01.434041
2017	2	3	0	0:00:01.436061
2018	2	5	0	0:00:01.428483
2019	2	-1	0	0:00:01.435668
2020	2	3	0	0:00:01.448069
2021	2	-1	0	0:00:01.435104
2022	2	5	0	0:00:01.428425
2023	2	5	0	0:00:01.432712
2024	2	5	0	0:00:01.431264
2025	2	5	0	0:00:01.467529
2026	1	-1	0	0:00:01.421479
2027	1	-1	0	0:00:01.421297
2028	1	-1	0	0:00:01.482070
2029	1	5	0	0:00:01.445395
2030	1	5	0	0:00:01.442990
2031	1	-1	0	0:00:01.442699
2032	1	5	0	0:00:01.446369
2033	1	-1	0	0:00:01.444926
2034	1	3	0	0:00:01.473205
2035	1	-1	0	0:00:01.444375
2036	4	4	1	0:00:01.443743
2037	4	4	1	0:00:01.441759
2038	4	4	1	0:00:01.438436
2039	4	4	1	0:00:01.440195
2040	4	-1	0	0:00:01.441894
2041	4	-1	0	0:00:01.442871
2042	4	4	1	0:00:01.444715
2043	4	4	1	0:00:01.442046
2044	4	4	1	0:00:01.438513
2045	4	4	1	0:00:01.444368
2046	4	-1	0	0:00:01.437171
2047	4	-1	0	0:00:01.448324
2048	4	-1	0	0:00:01.478958
2049	4	-1	0	0:00:01.440115
2050	4	-1	0	0:00:01.444140
2051	4	-1	0	0:00:01.447206
2052	4	4	1	0:00:01.438420
2053	4	-1	0	0:00:01.441416
2054	4	4	1	0:00:01.446120
2055	4	4	1	0:00:01.527933
2056	4	-1	0	0:00:01.438057
2057	4	-1	0	0:00:01.443508
2058	4	4	1	0:00:01.439509
2059	4	-1	0	0:00:01.438910
2060	4	-1	0	0:00:01.443067
2061	4	-1	0	0:00:01.448867
2062	4	-1	0	0:00:01.462403
2063	4	4	1	0:00:01.441339
2064	4	-1	0	0:00:01.439779
2065	4	4	1	0:00:01.442249
2066	4	-1	0	0:00:01.443736
2067	4	4	1	0:00:01.436650
2068	4	-1	0	0:00:01.454627
2069	3	3	1	0:00:01.492680
2070	3	3	1	0:00:01.441150
2071	3	3	1	0:00:01.448689
2072	3	3	1	0:00:01.440817
2073	3	3	1	0:00:01.437884
2074	3	3	1	0:00:01.443887
2075	3	3	1	0:00:01.473117
2076	3	3	1	0:00:01.481446
2077	3	3	1	0:00:01.446890
2078	3	3	1	0:00:01.445894
2079	3	3	1	0:00:01.444332
2080	3	3	1	0:00:01.437300
2081	3	3	1	0:00:01.444062
2082	3	3	1	0:00:01.461077
2083	3	3	1	0:00:01.446028
2084	3	5	0	0:00:01.448718
2085	3	5	0	0:00:01.445468
2086	3	5	0	0:00:01.435278
2087	3	5	0	0:00:01.436651
2088	3	5	0	0:00:01.437520
2089	3	5	0	0:00:01.454974
2090	3	5	0	0:00:01.437163
2091	3	5	0	0:00:01.430953
2092	3	5	0	0:00:01.434982
2093	3	5	0	0:00:01.431020
2094	3	5	0	0:00:01.428355
2095	3	5	0	0:00:01.430360
2096	5	5	1	0:00:01.430734
2097	5	5	1	0:00:01.451280
2098	5	5	1	0:00:01.427746
2099	5	5	1	0:00:01.433889
2100	5	5	1	0:00:01.425133
2101	5	5	1	0:00:01.430433
2102	5	5	1	0:00:01.432814
2103	5	5	1	0:00:01.456523
2104	5	5	1	0:00:01.431549
2105	5	5	1	0:00:01.432709
2106	5	5	1	0:00:01.427629
2107	5	5	1	0:00:01.429806
2108	5	5	1	0:00:01.426271
2109	5	5	1	0:00:01.437379
2110	5	5	1	0:00:01.425449
2111	5	5	1	0:00:01.429658
2112	5	5	1	0:00:01.428038
2113	5	5	1	0:00:01.439599
2114	5	5	1	0:00:01.430110
2115	5	5	1	0:00:01.426347
2116	5	5	1	0:00:01.441065
2117	5	5	1	0:00:01.441397
2118	5	5	1	0:00:01.432478
2119	5	5	1	0:00:01.424176
2120	5	5	1	0:00:01.429477
2121	5	5	1	0:00:01.425711
2122	5	5	1	0:00:01.428055
2123	5	5	1	0:00:01.432988
2124	5	5	1	0:00:01.428598
2125	5	5	1	0:00:01.449831
2126	5	5	1	0:00:01.421376
2127	5	5	1	0:00:01.432293
2128	5	5	1	0:00:01.425487
2129	0	-1	0	0:00:01.423485
2130	0	5	0	0:00:01.429639
2131	0	5	0	0:00:01.449142
2132	0	5	0	0:00:01.440333
2133	0	-1	0	0:00:01.428152
2134	0	-1	0	0:00:01.427663
2135	0	-1	0	0:00:01.422235
2136	0	-1	0	0:00:01.424845
2137	0	5	0	0:00:01.426671
2138	0	-1	0	0:00:01.431274
2139	0	5	0	0:00:01.453101
2140	0	3	0	0:00:01.425226
2141	0	-1	0	0:00:01.426783
2142	0	3	0	0:00:01.421086
2143	0	-1	0	0:00:01.423015
2144	0	-1	0	0:00:01.431417
2145	0	5	0	0:00:01.441638
2146	0	-1	0	0:00:01.463499
2147	0	5	0	0:00:01.426136
2148	0	-1	0	0:00:01.431513
2149	0	-1	0	0:00:01.423433
2150	0	5	0	0:00:01.422761
2151	0	5	0	0:00:01.431639
2152	0	5	0	0:00:01.429290
2153	0	-1	0	0:00:01.425878
2154	0	-1	0	0:00:01.429738
2155	0	5	0	0:00:01.429063
2156	2	5	0	0:00:01.427558
2157	2	5	0	0:00:01.421269
2158	2	5	0	0:00:01.420607
2159	2	5	0	0:00:01.499941
2160	2	5	0	0:00:01.447665
2161	2	5	0	0:00:01.424518
2162	2	5	0	0:00:01.427855
2163	2	5	0	0:00:01.426744
2164	2	-1	0	0:00:01.424199
2165	2	5	0	0:00:01.470225
2166	2	5	0	0:00:01.468261
2167	2	5	0	0:00:01.440062
2168	2	5	0	0:00:01.439314
2169	2	5	0	0:00:01.445181
2170	2	-1	0	0:00:01.441447
2171	2	5	0	0:00:01.435620
2172	2	5	0	0:00:01.443460
2173	2	5	0	0:00:01.455736
2174	1	3	0	0:00:01.439680
2175	1	-1	0	0:00:01.444596
2176	1	5	0	0:00:01.447534
2177	1	5	0	0:00:01.438811
2178	1	-1	0	0:00:01.437697
2179	1	-1	0	0:00:01.440848
2180	1	5	0	0:00:01.450847
2181	1	-1	0	0:00:01.437495
2182	1	3	0	0:00:01.440849
2183	1	3	0	0:00:01.434775
2184	1	-1	0	0:00:01.433757
2185	1	5	0	0:00:01.437567
2186	1	5	0	0:00:01.423982
2187	1	5	0	0:00:01.434325
2188	1	5	0	0:00:01.417443
2189	1	5	0	0:00:01.420788
2190	1	-1	0	0:00:01.422950
2191	1	-1	0	0:00:01.422519
2192	1	-1	0	0:00:01.430004
2193	1	-1	0	0:00:01.423241
2194	1	5	0	0:00:01.431745
2195	1	-1	0	0:00:01.424641
2196	1	5	0	0:00:01.425292
2197	1	5	0	0:00:01.429816
2198	1	5	0	0:00:01.423538
2199	1	5	0	0:00:01.432547
2200	1	-1	0	0:00:01.409223
2201	1	-1	0	0:00:01.461663
2202	1	-1	0	0:00:01.416484
2203	2	-1	0	0:00:01.420609
2204	2	-1	0	0:00:01.415344
2205	2	5	0	0:00:01.417187
2206	2	5	0	0:00:01.417010
2207	2	5	0	0:00:01.413910
2208	2	5	0	0:00:01.490821
2209	2	5	0	0:00:01.417838
2210	2	5	0	0:00:01.420542
2211	2	5	0	0:00:01.424552
2212	4	4	1	0:00:01.428493
2213	4	3	0	0:00:01.450919
2214	4	3	0	0:00:01.432784
2215	4	4	1	0:00:01.451879
2216	4	4	1	0:00:01.422974
2217	4	4	1	0:00:01.428605
2218	4	4	1	0:00:01.429428
2219	4	-1	0	0:00:01.426022
2220	4	-1	0	0:00:01.425839
2221	4	4	1	0:00:01.432817
2222	4	4	1	0:00:01.435073
2223	4	4	1	0:00:01.423859
2224	4	4	1	0:00:01.431947
2225	4	4	1	0:00:01.419576
2226	4	-1	0	0:00:01.423363
2227	4	4	1	0:00:01.430477
2228	4	4	1	0:00:01.426380
2229	4	-1	0	0:00:01.483832
2230	4	3	0	0:00:01.437394
2231	4	3	0	0:00:01.468742
2232	4	3	0	0:00:01.424638
2233	4	3	0	0:00:01.421272
2234	4	-1	0	0:00:01.424371
2235	4	3	0	0:00:01.426694
2236	4	3	0	0:00:01.442923
2237	4	3	0	0:00:01.422565
2238	4	4	1	0:00:01.428578
2239	4	4	1	0:00:01.424546
2240	4	4	1	0:00:01.425554
2241	4	4	1	0:00:01.424026
2242	4	3	0	0:00:01.425212
2243	4	3	0	0:00:01.476229
2244	4	3	0	0:00:01.420398
2245	4	3	0	0:00:01.427109
2246	4	-1	0	0:00:01.424628
2247	4	3	0	0:00:01.423720
2248	4	3	0	0:00:01.427073
2249	4	3	0	0:00:01.420691
2250	3	3	1	0:00:01.449999
2251	3	3	1	0:00:01.421700
2252	3	3	1	0:00:01.426671
2253	3	3	1	0:00:01.423934
2254	3	3	1	0:00:01.423501
2255	3	3	1	0:00:01.418106
2256	3	3	1	0:00:01.429454
2257	3	3	1	0:00:01.435928
2258	3	3	1	0:00:01.422169
2259	3	3	1	0:00:01.467808
2260	3	3	1	0:00:01.431805
2261	3	3	1	0:00:01.423151
2262	3	3	1	0:00:01.424248
2263	3	3	1	0:00:01.426284
2264	3	3	1	0:00:01.496557
2265	3	3	1	0:00:01.453645
2266	3	3	1	0:00:01.451753
2267	3	3	1	0:00:01.437681
2268	3	3	1	0:00:01.440064
2269	3	3	1	0:00:01.451076
2270	3	3	1	0:00:01.462372
2271	3	3	1	0:00:01.486363
2272	3	3	1	0:00:01.467519
2273	3	3	1	0:00:01.439561
2274	3	3	1	0:00:01.440517
2275	3	3	1	0:00:01.444176
2276	3	3	1	0:00:01.447364
2277	3	3	1	0:00:01.453575
2278	3	3	1	0:00:01.460635
2279	3	3	1	0:00:01.445714
2280	3	3	1	0:00:01.443773
2281	3	3	1	0:00:01.449952
2282	3	3	1	0:00:01.452317
2283	3	3	1	0:00:01.448937
2284	3	3	1	0:00:01.478584
2285	3	-1	0	0:00:01.460688
2286	5	5	1	0:00:01.443503
2287	5	5	1	0:00:01.467006
2288	5	5	1	0:00:01.451123
2289	5	5	1	0:00:01.437900
2290	5	5	1	0:00:01.449064
2291	5	5	1	0:00:01.452210
2292	5	5	1	0:00:01.454365
2293	5	5	1	0:00:01.454829
2294	5	5	1	0:00:01.443746
2295	5	5	1	0:00:01.442394
2296	5	5	1	0:00:01.442477
2297	5	5	1	0:00:01.438263
2298	5	5	1	0:00:01.445900
2299	5	5	1	0:00:01.486623
2300	5	5	1	0:00:01.431759
2301	5	5	1	0:00:01.429611
2302	5	5	1	0:00:01.427650
2303	5	5	1	0:00:01.501284
2304	5	5	1	0:00:01.439366
2305	5	5	1	0:00:01.476656
2306	5	5	1	0:00:01.434413
2307	5	5	1	0:00:01.437891
2308	5	5	1	0:00:01.437517
2309	5	5	1	0:00:01.440850
2310	5	5	1	0:00:01.438599
2311	5	5	1	0:00:01.437593
2312	5	5	1	0:00:01.451131
2313	5	5	1	0:00:01.432038
2314	5	5	1	0:00:01.437591
2315	5	5	1	0:00:01.438565
2316	5	5	1	0:00:01.432524
2317	0	5	0	0:00:01.440696
2318	0	5	0	0:00:01.444805
2319	0	5	0	0:00:01.507580
2320	0	5	0	0:00:01.437990
2321	0	5	0	0:00:01.436289
2322	0	5	0	0:00:01.436785
2323	0	5	0	0:00:01.435740
2324	0	5	0	0:00:01.433107
2325	0	5	0	0:00:01.435973
2326	0	5	0	0:00:01.441065
2327	0	5	0	0:00:01.432443
2328	0	5	0	0:00:01.438142
2329	0	5	0	0:00:01.430455
2330	0	5	0	0:00:01.437719
2331	0	5	0	0:00:01.439139
2332	0	-1	0	0:00:01.437650
2333	0	5	0	0:00:01.470737
2334	0	5	0	0:00:01.432590
2335	0	5	0	0:00:01.431614
2336	0	5	0	0:00:01.440287
2337	0	5	0	0:00:01.439018
2338	0	5	0	0:00:01.440418
2339	0	5	0	0:00:01.442741
2340	0	5	0	0:00:01.443468
2341	0	5	0	0:00:01.433491
2342	0	5	0	0:00:01.437972
2343	0	5	0	0:00:01.434788
2344	2	5	0	0:00:01.436282
2345	2	5	0	0:00:01.428449
2346	2	5	0	0:00:01.443404
2347	2	5	0	0:00:01.438199
2348	2	5	0	0:00:01.442155
2349	2	5	0	0:00:01.444650
2350	2	5	0	0:00:01.433554
2351	2	5	0	0:00:01.432451
2352	2	5	0	0:00:01.445120
2353	2	5	0	0:00:01.434376
2354	2	5	0	0:00:01.440245
2355	2	5	0	0:00:01.437101
2356	2	5	0	0:00:01.439068
2357	2	5	0	0:00:01.433148
2358	2	5	0	0:00:01.436706
2359	2	5	0	0:00:01.436955
2360	2	5	0	0:00:01.428114
2361	2	5	0	0:00:01.482184
2362	2	5	0	0:00:01.429018
2363	2	5	0	0:00:01.418454
2364	2	5	0	0:00:01.414999
2365	2	5	0	0:00:01.417244
2366	1	5	0	0:00:01.419392
2367	1	5	0	0:00:01.415023
2368	1	5	0	0:00:01.427861
2369	1	5	0	0:00:01.417264
2370	1	5	0	0:00:01.418616
2371	1	5	0	0:00:01.413593
2372	1	5	0	0:00:01.415757
2373	1	5	0	0:00:01.423571
2374	1	5	0	0:00:01.412270
2375	1	5	0	0:00:01.416191
2376	1	5	0	0:00:01.419309
2377	1	5	0	0:00:01.421242
2378	1	5	0	0:00:01.411737
2379	1	5	0	0:00:01.414984
2380	1	5	0	0:00:01.414026
2381	1	5	0	0:00:01.417000
2382	1	5	0	0:00:01.422019
2383	1	5	0	0:00:01.418689
2384	1	5	0	0:00:01.464222
2385	1	5	0	0:00:01.520743
2386	1	5	0	0:00:01.481739
2387	1	5	0	0:00:01.450544
2388	1	5	0	0:00:01.444290
2389	1	5	0	0:00:01.461925
2390	1	5	0	0:00:01.475502
2391	1	5	0	0:00:01.445047
2392	4	3	0	0:00:01.442775
2393	4	3	0	0:00:01.441897
2394	4	3	0	0:00:01.456623
2395	4	3	0	0:00:01.445957
2396	4	-1	0	0:00:01.439729
2397	4	-1	0	0:00:01.428724
2398	4	-1	0	0:00:01.429150
2399	4	-1	0	0:00:01.423348
2400	4	-1	0	0:00:01.427177
2401	4	-1	0	0:00:01.443024
2402	4	-1	0	0:00:01.425252
2403	4	-1	0	0:00:01.433460
2404	4	3	0	0:00:01.430715
2405	4	3	0	0:00:01.431292
2406	4	-1	0	0:00:01.428794
2407	4	-1	0	0:00:01.443321
2408	4	5	0	0:00:01.436749
2409	4	-1	0	0:00:01.439550
2410	4	-1	0	0:00:01.462218
2411	4	3	0	0:00:01.433774
2412	4	3	0	0:00:01.441712
2413	4	3	0	0:00:01.437147
2414	4	-1	0	0:00:01.438766
2415	4	3	0	0:00:01.434141
2416	4	-1	0	0:00:01.420941
2417	4	-1	0	0:00:01.422377
2418	4	-1	0	0:00:01.424620
2419	4	-1	0	0:00:01.425229
2420	4	-1	0	0:00:01.417702
2421	4	-1	0	0:00:01.416119
2422	4	-1	0	0:00:01.423141
2423	4	-1	0	0:00:01.415835
2424	4	-1	0	0:00:01.429705
2425	4	-1	0	0:00:01.422618
2426	4	-1	0	0:00:01.419781
2427	3	3	1	0:00:01.419697
2428	3	3	1	0:00:01.419110
2429	3	3	1	0:00:01.415046
2430	3	3	1	0:00:01.419649
2431	3	3	1	0:00:01.415440
2432	3	3	1	0:00:01.420035
2433	3	3	1	0:00:01.418225
2434	3	3	1	0:00:01.416422
2435	3	3	1	0:00:01.414941
2436	3	3	1	0:00:01.424270
2437	3	3	1	0:00:01.419565
2438	3	3	1	0:00:01.425253
2439	3	3	1	0:00:01.420480
2440	3	3	1	0:00:01.419684
2441	3	-1	0	0:00:01.412583
2442	3	5	0	0:00:01.417324
2443	3	-1	0	0:00:01.420471
2444	3	4	0	0:00:01.417641
2445	3	4	0	0:00:01.417210
2446	3	-1	0	0:00:01.427873
2447	3	-1	0	0:00:01.421666
2448	3	4	0	0:00:01.419265
2449	3	4	0	0:00:01.417109
2450	3	4	0	0:00:01.420376
2451	3	5	0	0:00:01.417670
2452	3	5	0	0:00:01.430377
2453	3	-1	0	0:00:01.417276
2454	3	-1	0	0:00:01.423037
2455	3	5	0	0:00:01.412351
2456	3	5	0	0:00:01.419841
2457	5	5	1	0:00:01.418108
2458	5	5	1	0:00:01.415424
2459	5	5	1	0:00:01.423546
2460	5	5	1	0:00:01.418382
2461	5	5	1	0:00:01.438651
2462	5	5	1	0:00:01.419302
2463	5	5	1	0:00:01.412507
2464	5	5	1	0:00:01.419544
2465	5	5	1	0:00:01.414983
2466	5	5	1	0:00:01.421343
2467	5	5	1	0:00:01.417410
2468	5	5	1	0:00:01.456950
2469	5	5	1	0:00:01.446032
2470	5	5	1	0:00:01.416332
2471	5	5	1	0:00:01.416264
2472	5	5	1	0:00:01.421064
2473	5	5	1	0:00:01.412811
2474	5	5	1	0:00:01.411719
2475	5	5	1	0:00:01.425770
2476	5	5	1	0:00:01.435641
2477	5	5	1	0:00:01.414737
2478	5	5	1	0:00:01.418338
2479	5	5	1	0:00:01.417470
2480	5	5	1	0:00:01.416298
2481	5	5	1	0:00:01.417867
2482	5	5	1	0:00:01.423581
2483	5	5	1	0:00:01.417831
2484	5	5	1	0:00:01.420049
2485	5	5	1	0:00:01.420009
2486	5	5	1	0:00:01.418473
2487	5	5	1	0:00:01.415138
2488	5	5	1	0:00:01.421106
2489	5	5	1	0:00:01.418089
2490	5	5	1	0:00:01.422018
2491	5	5	1	0:00:01.416790
2492	5	5	1	0:00:01.423648
2493	5	5	1	0:00:01.422780
2494	0	5	0	0:00:01.431167
2495	0	5	0	0:00:01.413954
2496	0	5	0	0:00:01.423848
2497	0	5	0	0:00:01.456235
2498	0	5	0	0:00:01.424402
2499	0	5	0	0:00:01.423061
2500	0	5	0	0:00:01.416495
2501	0	5	0	0:00:01.420705
2502	0	5	0	0:00:01.417044
2503	0	5	0	0:00:01.461161
2504	0	5	0	0:00:01.416070
2505	0	5	0	0:00:01.415877
2506	0	5	0	0:00:01.412303
2507	0	5	0	0:00:01.413959
2508	0	5	0	0:00:01.420854
2509	0	5	0	0:00:01.416373
2510	0	5	0	0:00:01.460629
2511	0	5	0	0:00:01.431697
2512	0	5	0	0:00:01.417472
2513	0	5	0	0:00:01.415831
2514	0	5	0	0:00:01.431846
2515	0	5	0	0:00:01.416967
2516	0	5	0	0:00:01.419415
2517	0	5	0	0:00:01.420166
2518	2	5	0	0:00:01.424565
2519	2	5	0	0:00:01.417279
2520	2	5	0	0:00:01.429493
2521	2	5	0	0:00:01.414707
2522	2	5	0	0:00:01.421370
2523	2	5	0	0:00:01.422432
2524	2	5	0	0:00:01.422076
2525	2	5	0	0:00:01.417202
2526	2	5	0	0:00:01.416270
2527	2	-1	0	0:00:01.423849
2528	2	5	0	0:00:01.421137
2529	2	5	0	0:00:01.415520
2530	2	5	0	0:00:01.417502
2531	2	5	0	0:00:01.424250
2532	2	5	0	0:00:01.419052
2533	2	5	0	0:00:01.419139
2534	2	5	0	0:00:01.418983
2535	2	5	0	0:00:01.420772
2536	2	5	0	0:00:01.416017
2537	2	5	0	0:00:01.416031
2538	2	5	0	0:00:01.420917
2539	2	5	0	0:00:01.420353
2540	2	5	0	0:00:01.416872
2541	1	5	0	0:00:01.419586
2542	1	5	0	0:00:01.414522
2543	1	5	0	0:00:01.413483
2544	1	5	0	0:00:01.419021
2545	1	5	0	0:00:01.417012
2546	1	5	0	0:00:01.421680
2547	1	5	0	0:00:01.422833
2548	1	5	0	0:00:01.417106
2549	1	5	0	0:00:01.425136
2550	1	5	0	0:00:01.420748
2551	1	5	0	0:00:01.415706
2552	1	5	0	0:00:01.428326
2553	1	5	0	0:00:01.420325
2554	1	5	0	0:00:01.423995
2555	1	5	0	0:00:01.422181
2556	1	5	0	0:00:01.437145
2557	1	-1	0	0:00:01.416608
2558	1	5	0	0:00:01.414506
2559	1	5	0	0:00:01.425942
2560	1	5	0	0:00:01.421973
2561	1	5	0	0:00:01.417754
2562	1	5	0	0:00:01.443088
2563	1	5	0	0:00:01.418903
2564	1	5	0	0:00:01.415129
2565	1	5	0	0:00:01.418016
2566	4	3	0	0:00:01.421999
2567	4	4	1	0:00:01.414544
2568	4	-1	0	0:00:01.426950
2569	4	3	0	0:00:01.419019
2570	4	4	1	0:00:01.429671
2571	4	-1	0	0:00:01.416115
2572	4	-1	0	0:00:01.416326
2573	4	-1	0	0:00:01.422623
2574	4	-1	0	0:00:01.418574
2575	4	-1	0	0:00:01.415140
2576	4	-1	0	0:00:01.426199
2577	4	-1	0	0:00:01.436202
2578	4	5	0	0:00:01.416072
2579	4	-1	0	0:00:01.425074
2580	4	-1	0	0:00:01.418072
2581	4	-1	0	0:00:01.419793
2582	4	-1	0	0:00:01.417606
2583	4	-1	0	0:00:01.464641
2584	4	4	1	0:00:01.420761
2585	4	-1	0	0:00:01.417866
2586	4	-1	0	0:00:01.420119
2587	4	-1	0	0:00:01.415801
2588	4	4	1	0:00:01.419189
2589	4	-1	0	0:00:01.424628
2590	4	-1	0	0:00:01.461966
2591	4	-1	0	0:00:01.419665
2592	4	-1	0	0:00:01.423856
2593	4	-1	0	0:00:01.423408
2594	4	-1	0	0:00:01.423877
2595	4	-1	0	0:00:01.420229
2596	4	-1	0	0:00:01.422060
2597	4	-1	0	0:00:01.433982
2598	4	-1	0	0:00:01.415894
2599	3	3	1	0:00:01.416133
2600	3	3	1	0:00:01.419711
2601	3	3	1	0:00:01.415815
2602	3	3	1	0:00:01.418599
2603	3	3	1	0:00:01.417497
2604	3	3	1	0:00:01.429456
2605	3	3	1	0:00:01.424185
2606	3	3	1	0:00:01.418177
2607	3	3	1	0:00:01.414524
2608	3	3	1	0:00:01.415554
2609	3	3	1	0:00:01.421101
2610	3	3	1	0:00:01.416089
2611	3	3	1	0:00:01.422072
2612	3	3	1	0:00:01.422599
2613	3	3	1	0:00:01.413664
2614	3	3	1	0:00:01.415048
2615	3	3	1	0:00:01.427342
2616	3	3	1	0:00:01.429478
2617	3	3	1	0:00:01.415918
2618	3	3	1	0:00:01.445895
2619	3	3	1	0:00:01.434651
2620	3	3	1	0:00:01.417175
2621	3	3	1	0:00:01.420348
2622	3	3	1	0:00:01.419986
2623	3	3	1	0:00:01.414107
2624	3	3	1	0:00:01.416208
2625	3	3	1	0:00:01.490438
2626	3	3	1	0:00:01.457049
2627	3	3	1	0:00:01.436160
2628	3	3	1	0:00:01.438835
2629	3	3	1	0:00:01.435931
2630	3	3	1	0:00:01.436092
2631	3	3	1	0:00:01.445299
2632	3	3	1	0:00:01.442045
2633	5	5	1	0:00:01.435586
2634	5	5	1	0:00:01.436104
2635	5	5	1	0:00:01.437505
2636	5	5	1	0:00:01.440693
2637	5	5	1	0:00:01.441460
2638	5	5	1	0:00:01.440134
2639	5	5	1	0:00:01.528862
2640	5	5	1	0:00:01.439208
2641	5	5	1	0:00:01.439399
2642	5	5	1	0:00:01.436743
2643	5	5	1	0:00:01.441224
2644	5	5	1	0:00:01.441024
2645	5	5	1	0:00:01.458076
2646	5	5	1	0:00:01.452032
2647	5	5	1	0:00:01.444022
2648	5	5	1	0:00:01.439673
2649	5	5	1	0:00:01.439188
2650	5	5	1	0:00:01.447958
2651	5	5	1	0:00:01.439905
2652	5	5	1	0:00:01.444314
2653	5	5	1	0:00:01.447975
2654	5	5	1	0:00:01.448075
2655	5	5	1	0:00:01.423733
2656	5	5	1	0:00:01.427562
2657	5	5	1	0:00:01.428458
2658	5	5	1	0:00:01.426744
2659	5	5	1	0:00:01.426803
2660	5	5	1	0:00:01.474394
2661	5	5	1	0:00:01.425488
2662	5	5	1	0:00:01.427958
2663	5	5	1	0:00:01.423238
2664	5	5	1	0:00:01.432396
2665	5	5	1	0:00:01.420567
2666	5	5	1	0:00:01.428460
2667	5	5	1	0:00:01.435074
2668	5	5	1	0:00:01.432043
2669	0	3	0	0:00:01.424456
2670	0	3	0	0:00:01.429803
2671	0	-1	0	0:00:01.440592
2672	0	3	0	0:00:01.424980
2673	0	3	0	0:00:01.430252
2674	0	3	0	0:00:01.433193
2675	0	3	0	0:00:01.426271
2676	0	3	0	0:00:01.429025
2677	0	3	0	0:00:01.425874
2678	0	5	0	0:00:01.428034
2679	0	-1	0	0:00:01.430042
2680	0	3	0	0:00:01.428300
2681	0	3	0	0:00:01.427345
2682	0	3	0	0:00:01.425485
2683	0	3	0	0:00:01.429073
2684	0	3	0	0:00:01.421300
2685	0	3	0	0:00:01.425791
2686	0	3	0	0:00:01.427285
2687	0	3	0	0:00:01.427083
2688	0	3	0	0:00:01.434820
2689	0	3	0	0:00:01.430940
2690	0	3	0	0:00:01.432112
2691	0	3	0	0:00:01.424803
2692	0	3	0	0:00:01.430163
2693	0	3	0	0:00:01.425134
2694	0	3	0	0:00:01.430482
2695	0	3	0	0:00:01.429728
2696	0	3	0	0:00:01.430824
2697	2	5	0	0:00:01.422165
2698	2	5	0	0:00:01.425422
2699	2	5	0	0:00:01.429749
2700	2	5	0	0:00:01.423808
2701	2	5	0	0:00:01.430100
2702	2	5	0	0:00:01.432323
2703	2	5	0	0:00:01.443209
2704	2	5	0	0:00:01.428896
2705	2	5	0	0:00:01.427011
2706	2	5	0	0:00:01.432845
2707	2	5	0	0:00:01.434860
2708	2	5	0	0:00:01.430910
2709	2	5	0	0:00:01.437443
2710	2	5	0	0:00:01.429879
2711	2	5	0	0:00:01.426512
2712	2	5	0	0:00:01.430942
2713	2	5	0	0:00:01.432086
2714	2	5	0	0:00:01.431295
2715	2	5	0	0:00:01.435970
2716	2	5	0	0:00:01.433914
2717	2	5	0	0:00:01.430527
2718	2	5	0	0:00:01.428367
2719	2	5	0	0:00:01.428213
2720	2	5	0	0:00:01.437815
2721	2	5	0	0:00:01.433247
2722	2	5	0	0:00:01.430381
2723	2	5	0	0:00:01.426579
2724	1	-1	0	0:00:01.427381
2725	1	-1	0	0:00:01.429737
2726	1	5	0	0:00:01.423219
2727	1	5	0	0:00:01.425365
2728	1	-1	0	0:00:01.427445
2729	1	-1	0	0:00:01.429732
2730	1	-1	0	0:00:01.431268
2731	1	5	0	0:00:01.431227
2732	1	-1	0	0:00:01.425365
2733	1	5	0	0:00:01.427973
2734	1	5	0	0:00:01.429146
2735	1	5	0	0:00:01.423822
2736	1	5	0	0:00:01.429847
2737	1	-1	0	0:00:01.429001
2738	1	5	0	0:00:01.426487
2739	1	5	0	0:00:01.425681
2740	1	-1	0	0:00:01.427253
2741	1	-1	0	0:00:01.431592
2742	1	5	0	0:00:01.430142
2743	1	5	0	0:00:01.429478
2744	1	5	0	0:00:01.453769
2745	1	5	0	0:00:01.426072
2746	1	5	0	0:00:01.426268
2747	1	-1	0	0:00:01.425892
2748	1	5	0	0:00:01.430307
2749	1	5	0	0:00:01.423902
2750	1	5	0	0:00:01.444154
2751	1	-1	0	0:00:01.432674
2752	1	-1	0	0:00:01.424789
2753	4	3	0	0:00:01.421050
2754	4	3	0	0:00:01.429921
2755	4	4	1	0:00:01.426435
2756	4	-1	0	0:00:01.422447
2757	4	4	1	0:00:01.431945
2758	4	4	1	0:00:01.431307
2759	4	4	1	0:00:01.425779
2760	4	4	1	0:00:01.427207
2761	4	-1	0	0:00:01.427621
2762	4	4	1	0:00:01.428478
2763	4	4	1	0:00:01.430711
2764	4	4	1	0:00:01.461965
2765	4	4	1	0:00:01.426845
2766	4	4	1	0:00:01.435148
2767	4	4	1	0:00:01.436507
2768	4	4	1	0:00:01.423341
2769	4	4	1	0:00:01.431071
2770	4	4	1	0:00:01.427965
2771	4	4	1	0:00:01.440752
2772	4	4	1	0:00:01.516128
2773	4	4	1	0:00:01.518683
2774	4	-1	0	0:00:01.449987
2775	4	-1	0	0:00:01.440293
2776	4	-1	0	0:00:01.433170
2777	4	-1	0	0:00:01.430202
2778	4	5	0	0:00:01.461976
2779	4	-1	0	0:00:01.431567
2780	4	-1	0	0:00:01.422430
2781	4	-1	0	0:00:01.426851
2782	4	-1	0	0:00:01.433622
2783	4	-1	0	0:00:01.434594
2784	4	-1	0	0:00:01.425790
2785	4	-1	0	0:00:01.423091
2786	4	-1	0	0:00:01.434178
2787	4	-1	0	0:00:01.426153
2788	4	-1	0	0:00:01.427360
2789	3	3	1	0:00:01.423888
2790	3	3	1	0:00:01.427943
2791	3	3	1	0:00:01.423185
2792	3	3	1	0:00:01.429984
2793	3	3	1	0:00:01.445079
2794	3	3	1	0:00:01.423413
2795	3	3	1	0:00:01.426770
2796	3	3	1	0:00:01.429401
2797	3	3	1	0:00:01.426182
2798	3	3	1	0:00:01.422990
2799	3	3	1	0:00:01.424283
2800	3	3	1	0:00:01.432550
2801	3	3	1	0:00:01.420429
2802	3	3	1	0:00:01.422355
2803	3	3	1	0:00:01.426095
2804	3	3	1	0:00:01.429202
2805	3	3	1	0:00:01.433185
2806	3	3	1	0:00:01.438498
2807	3	3	1	0:00:01.424852
2808	3	3	1	0:00:01.424167
2809	3	3	1	0:00:01.421395
2810	3	3	1	0:00:01.426436
2811	3	3	1	0:00:01.425154
2812	3	3	1	0:00:01.422675
2813	3	3	1	0:00:01.424944
2814	3	3	1	0:00:01.427893
2815	3	3	1	0:00:01.425284
2816	3	3	1	0:00:01.421968
2817	3	3	1	0:00:01.426597
2818	3	3	1	0:00:01.427058
2819	3	3	1	0:00:01.430708
2820	3	3	1	0:00:01.426272
2821	3	3	1	0:00:01.426624
2822	3	3	1	0:00:01.423344
2823	5	5	1	0:00:01.419672
2824	5	5	1	0:00:01.429246
2825	5	5	1	0:00:01.420684
2826	5	5	1	0:00:01.422180
2827	5	5	1	0:00:01.425593
2828	5	5	1	0:00:01.424441
2829	5	5	1	0:00:01.422880
2830	5	5	1	0:00:01.427264
2831	5	5	1	0:00:01.418165
2832	5	5	1	0:00:01.425796
2833	5	5	1	0:00:01.423542
2834	5	5	1	0:00:01.433874
2835	5	5	1	0:00:01.425532
2836	5	5	1	0:00:01.423312
2837	5	5	1	0:00:01.426216
2838	5	5	1	0:00:01.438619
2839	5	5	1	0:00:01.434738
2840	5	5	1	0:00:01.435712
2841	5	5	1	0:00:01.458868
2842	5	5	1	0:00:01.477428
2843	5	5	1	0:00:01.496772
2844	5	5	1	0:00:01.501470
2845	5	5	1	0:00:01.494794
2846	5	5	1	0:00:01.499530
2847	5	5	1	0:00:01.482265
2848	5	5	1	0:00:01.484002
2849	5	5	1	0:00:01.489317
2850	5	5	1	0:00:01.486482
2851	5	5	1	0:00:01.480756
2852	5	5	1	0:00:01.493556
2853	5	5	1	0:00:01.490888
2854	5	5	1	0:00:01.480500
2855	5	5	1	0:00:01.507831
2856	5	5	1	0:00:01.471041
2857	5	5	1	0:00:01.470006
2858	5	5	1	0:00:01.514701
2859	0	3	0	0:00:01.499609
2860	0	3	0	0:00:01.485771
2861	0	3	0	0:00:01.485761
2862	0	3	0	0:00:01.501138
2863	0	3	0	0:00:01.497273
2864	0	-1	0	0:00:01.488232
2865	0	3	0	0:00:01.487384
2866	0	-1	0	0:00:01.459290
2867	0	-1	0	0:00:01.470955
2868	0	3	0	0:00:01.485159
2869	0	3	0	0:00:01.463314
2870	0	-1	0	0:00:01.474026
2871	0	3	0	0:00:01.480138
2872	0	3	0	0:00:01.472783
2873	0	3	0	0:00:01.469007
2874	0	3	0	0:00:01.467376
2875	0	3	0	0:00:01.462890
2876	0	3	0	0:00:01.524282
2877	0	-1	0	0:00:01.487667
2878	0	-1	0	0:00:01.498919
2879	0	3	0	0:00:01.482599
2880	0	3	0	0:00:01.477704
2881	0	3	0	0:00:01.486951
2882	0	-1	0	0:00:01.487923
2883	0	-1	0	0:00:01.482476
2884	0	3	0	0:00:01.483815
2885	0	3	0	0:00:01.549069
2886	0	3	0	0:00:01.487235
2887	0	3	0	0:00:01.490453
2888	0	5	0	0:00:01.502662
2889	2	5	0	0:00:01.480800
2890	2	5	0	0:00:01.490524
2891	2	5	0	0:00:01.492524
2892	2	5	0	0:00:01.526437
2893	2	5	0	0:00:01.499687
2894	2	5	0	0:00:01.466962
2895	2	5	0	0:00:01.504100
2896	2	5	0	0:00:01.478799
2897	2	5	0	0:00:01.475975
2898	2	5	0	0:00:01.464994
2899	2	5	0	0:00:01.515943
2900	2	5	0	0:00:01.505727
2901	2	5	0	0:00:01.470428
2902	2	5	0	0:00:01.476181
2903	2	5	0	0:00:01.472413
2904	2	5	0	0:00:01.465621
2905	2	5	0	0:00:01.470755
2906	2	5	0	0:00:01.506502
2907	2	5	0	0:00:01.506331
2908	1	5	0	0:00:01.472308
2909	1	5	0	0:00:01.467250
2910	1	5	0	0:00:01.467351
2911	1	5	0	0:00:01.464612
2912	1	5	0	0:00:01.454697
2913	1	-1	0	0:00:01.467869
2914	1	-1	0	0:00:01.472945
2915	1	-1	0	0:00:01.492288
2916	1	-1	0	0:00:01.465617
2917	1	5	0	0:00:01.486818
2918	1	5	0	0:00:01.469915
2919	1	5	0	0:00:01.472477
2920	1	5	0	0:00:01.461945
2921	1	5	0	0:00:01.493274
2922	1	5	0	0:00:01.498129
2923	1	5	0	0:00:01.478168
2924	1	5	0	0:00:01.469490
2925	1	5	0	0:00:01.466118
2926	1	-1	0	0:00:01.536728
2927	1	-1	0	0:00:01.485231
2928	2	5	0	0:00:01.536084
2929	2	5	0	0:00:01.481881
2930	2	5	0	0:00:01.487767
2931	2	5	0	0:00:01.467829
2932	2	5	0	0:00:01.463950
2933	2	5	0	0:00:01.508929
2934	2	5	0	0:00:01.492193
2935	2	5	0	0:00:01.474787
2936	2	5	0	0:00:01.507469
2937	1	5	0	0:00:01.529626
2938	1	5	0	0:00:01.523859
2939	1	5	0	0:00:01.508469
2940	1	5	0	0:00:01.492974
2941	1	5	0	0:00:01.489745
2942	1	5	0	0:00:01.494852
2943	1	5	0	0:00:01.522571
2944	1	5	0	0:00:01.482103
2945	1	5	0	0:00:01.486991
2946	1	-1	0	0:00:01.520953
