idx	label	predict	correct	time
0	4	4	1	0:00:04.272084
1	4	4	1	0:00:04.263470
2	4	4	1	0:00:04.198555
3	4	4	1	0:00:04.219007
4	4	4	1	0:00:04.204078
5	4	4	1	0:00:04.228730
6	4	4	1	0:00:04.174747
7	4	4	1	0:00:04.228793
8	4	4	1	0:00:04.159893
9	4	4	1	0:00:04.165727
10	4	4	1	0:00:04.170578
11	4	4	1	0:00:04.155950
12	4	4	1	0:00:04.160280
13	4	4	1	0:00:04.151200
14	4	4	1	0:00:04.146837
15	4	4	1	0:00:04.158643
16	4	4	1	0:00:04.144144
17	4	4	1	0:00:04.137938
18	4	4	1	0:00:04.149318
19	4	4	1	0:00:04.136033
20	4	4	1	0:00:04.139625
21	4	4	1	0:00:04.151150
22	4	4	1	0:00:04.134857
23	4	4	1	0:00:04.158962
24	4	4	1	0:00:04.137877
25	4	4	1	0:00:04.146388
26	4	4	1	0:00:04.187928
27	4	4	1	0:00:04.159131
28	4	4	1	0:00:04.181070
29	4	4	1	0:00:04.145853
30	4	4	1	0:00:04.149893
31	3	4	0	0:00:04.170449
32	3	4	0	0:00:04.139173
33	3	4	0	0:00:04.174696
34	3	4	0	0:00:04.142722
35	3	4	0	0:00:04.150458
36	3	4	0	0:00:04.162738
37	3	4	0	0:00:04.141615
38	3	4	0	0:00:04.164545
39	3	4	0	0:00:04.206398
40	3	4	0	0:00:04.130310
41	3	4	0	0:00:04.132414
42	3	4	0	0:00:04.136014
43	3	4	0	0:00:04.136208
44	3	3	1	0:00:04.136965
45	3	4	0	0:00:04.142685
46	3	4	0	0:00:04.156211
47	3	4	0	0:00:04.150870
48	3	4	0	0:00:04.148810
49	3	4	0	0:00:04.140640
50	3	4	0	0:00:04.134166
51	3	4	0	0:00:04.205353
52	3	4	0	0:00:04.197480
53	3	4	0	0:00:04.194754
54	3	4	0	0:00:04.170732
55	5	5	1	0:00:04.125652
56	5	5	1	0:00:04.200067
57	5	5	1	0:00:04.138283
58	5	5	1	0:00:04.172572
59	5	5	1	0:00:04.365864
60	5	5	1	0:00:04.213633
61	5	5	1	0:00:04.714387
62	5	5	1	0:00:04.338753
63	5	5	1	0:00:04.232887
64	5	5	1	0:00:04.195273
65	5	5	1	0:00:04.197938
66	5	5	1	0:00:04.223363
67	5	5	1	0:00:04.201392
68	5	5	1	0:00:04.217655
69	5	5	1	0:00:04.205433
70	5	5	1	0:00:04.191475
71	5	5	1	0:00:04.220557
72	5	5	1	0:00:04.200326
73	5	5	1	0:00:04.218942
74	5	5	1	0:00:04.201288
75	5	5	1	0:00:04.218277
76	5	5	1	0:00:04.207391
77	5	5	1	0:00:04.201441
78	5	5	1	0:00:04.345148
79	0	0	1	0:00:04.175942
80	0	0	1	0:00:04.169692
81	0	0	1	0:00:04.291232
82	0	0	1	0:00:04.286238
83	0	0	1	0:00:04.196876
84	0	0	1	0:00:04.173793
85	0	4	0	0:00:04.166522
86	0	0	1	0:00:04.216876
87	0	4	0	0:00:04.168485
88	0	4	0	0:00:04.207081
89	0	0	1	0:00:04.183465
90	0	0	1	0:00:04.187081
91	0	0	1	0:00:04.187039
92	0	0	1	0:00:04.179152
93	0	0	1	0:00:04.214831
94	0	4	0	0:00:04.237228
95	0	4	0	0:00:04.176413
96	0	0	1	0:00:04.295663
97	0	0	1	0:00:04.205448
98	0	0	1	0:00:04.183100
99	0	0	1	0:00:04.173753
100	0	0	1	0:00:04.186687
101	0	0	1	0:00:04.202805
102	0	0	1	0:00:04.169966
103	0	0	1	0:00:04.169054
104	0	0	1	0:00:04.183230
105	0	4	0	0:00:04.183923
106	0	0	1	0:00:04.197674
107	0	0	1	0:00:04.181120
108	0	4	0	0:00:04.177584
109	2	0	0	0:00:04.175820
110	2	4	0	0:00:04.167866
111	2	0	0	0:00:04.177477
112	2	0	0	0:00:04.170079
113	2	0	0	0:00:04.172113
114	2	0	0	0:00:04.185244
115	2	0	0	0:00:04.193215
116	2	2	1	0:00:04.241618
117	2	0	0	0:00:04.177696
118	2	0	0	0:00:04.184566
119	2	0	0	0:00:04.196419
120	2	2	1	0:00:04.183441
121	2	2	1	0:00:04.206143
122	2	0	0	0:00:04.189238
123	2	0	0	0:00:04.198852
124	2	2	1	0:00:04.201385
125	2	0	0	0:00:04.173424
126	2	2	1	0:00:04.215640
127	2	2	1	0:00:04.177383
128	2	2	1	0:00:04.199530
129	2	0	0	0:00:04.198656
130	2	0	0	0:00:04.196145
131	2	0	0	0:00:04.195084
132	2	2	1	0:00:04.197344
133	1	1	1	0:00:04.206778
134	1	0	0	0:00:04.193764
135	1	1	1	0:00:04.196508
136	1	1	1	0:00:04.214089
137	1	0	0	0:00:04.203735
138	1	0	0	0:00:04.210703
139	1	0	0	0:00:04.255628
140	1	1	1	0:00:04.195587
141	1	1	1	0:00:04.199058
142	1	0	0	0:00:04.201055
143	1	0	0	0:00:04.208203
144	1	0	0	0:00:04.202729
145	1	1	1	0:00:04.203668
146	1	0	0	0:00:04.209522
147	1	1	1	0:00:04.198553
148	1	0	0	0:00:04.388826
149	1	1	1	0:00:04.462102
150	1	1	1	0:00:04.556669
151	1	1	1	0:00:04.536267
152	1	1	1	0:00:04.345648
153	1	1	1	0:00:04.355976
154	1	0	0	0:00:04.362706
155	1	0	0	0:00:04.305286
156	1	1	1	0:00:04.462528
157	1	2	0	0:00:04.535605
158	4	4	1	0:00:04.476696
159	4	4	1	0:00:04.550812
160	4	4	1	0:00:04.438252
161	4	4	1	0:00:04.493214
162	4	4	1	0:00:04.418678
163	4	4	1	0:00:04.402372
164	4	4	1	0:00:04.440784
165	4	4	1	0:00:04.460264
166	4	4	1	0:00:04.486276
167	4	4	1	0:00:04.462921
168	4	4	1	0:00:04.540031
169	4	4	1	0:00:04.444900
170	4	4	1	0:00:04.550990
171	4	4	1	0:00:04.443321
172	4	4	1	0:00:04.439913
173	4	4	1	0:00:04.411969
174	4	4	1	0:00:04.397874
175	4	4	1	0:00:04.375629
176	4	4	1	0:00:04.533836
177	4	4	1	0:00:04.442054
178	4	4	1	0:00:04.345078
179	4	4	1	0:00:04.404408
180	4	4	1	0:00:04.545643
181	3	3	1	0:00:04.448030
182	3	3	1	0:00:04.420429
183	3	3	1	0:00:04.469567
184	3	3	1	0:00:04.342657
185	3	3	1	0:00:04.427408
186	3	3	1	0:00:04.417365
187	3	3	1	0:00:04.582613
188	3	3	1	0:00:04.443132
189	3	3	1	0:00:04.453004
190	3	3	1	0:00:04.470487
191	3	3	1	0:00:04.471323
192	3	3	1	0:00:04.396989
193	3	3	1	0:00:04.537614
194	3	4	0	0:00:04.503912
195	3	4	0	0:00:04.425841
196	3	4	0	0:00:04.407794
197	3	4	0	0:00:04.354161
198	3	4	0	0:00:04.469194
199	3	4	0	0:00:04.363504
200	3	4	0	0:00:04.326675
201	3	4	0	0:00:04.406883
202	3	4	0	0:00:04.416489
203	5	5	1	0:00:04.276162
204	5	5	1	0:00:04.391570
205	5	5	1	0:00:04.306817
206	5	5	1	0:00:04.347699
207	5	5	1	0:00:04.382937
208	5	5	1	0:00:04.434673
209	5	5	1	0:00:04.446309
210	5	5	1	0:00:04.376478
211	5	5	1	0:00:04.310398
212	5	5	1	0:00:04.348756
213	5	5	1	0:00:04.482034
214	5	5	1	0:00:04.519727
215	5	5	1	0:00:04.573740
216	5	5	1	0:00:04.472466
217	5	5	1	0:00:04.539312
218	5	5	1	0:00:04.501518
219	5	5	1	0:00:04.443591
220	5	5	1	0:00:04.370476
221	5	5	1	0:00:04.369388
222	5	5	1	0:00:04.389146
223	5	5	1	0:00:04.407874
224	5	5	1	0:00:04.473438
225	5	5	1	0:00:04.514861
226	5	5	1	0:00:04.480320
227	0	0	1	0:00:04.325979
228	0	0	1	0:00:04.459114
229	0	0	1	0:00:04.347244
230	0	0	1	0:00:04.452979
231	0	4	0	0:00:04.423403
232	0	0	1	0:00:04.452411
233	0	0	1	0:00:04.323486
234	0	0	1	0:00:04.310941
235	0	0	1	0:00:04.446468
236	0	0	1	0:00:04.482769
237	0	0	1	0:00:04.401163
238	0	0	1	0:00:04.601599
239	0	0	1	0:00:04.485990
240	0	4	0	0:00:04.451794
241	0	4	0	0:00:04.475237
242	0	0	1	0:00:04.416665
243	0	0	1	0:00:04.604378
244	0	0	1	0:00:04.469339
245	0	0	1	0:00:04.482971
246	0	0	1	0:00:04.465005
247	0	0	1	0:00:04.322484
248	0	0	1	0:00:04.565531
249	0	0	1	0:00:04.409161
250	0	0	1	0:00:04.309158
251	0	0	1	0:00:04.359651
252	0	0	1	0:00:04.395586
253	0	0	1	0:00:04.412549
254	0	0	1	0:00:04.321414
255	0	0	1	0:00:04.604343
256	2	0	0	0:00:04.420883
257	2	0	0	0:00:04.398862
258	2	0	0	0:00:04.341951
259	2	0	0	0:00:04.471524
260	2	0	0	0:00:04.484821
261	2	0	0	0:00:04.352083
262	2	0	0	0:00:04.412209
263	2	0	0	0:00:04.384528
264	2	2	1	0:00:04.384589
265	2	2	1	0:00:04.446371
266	2	2	1	0:00:04.490115
267	2	0	0	0:00:04.481103
268	2	0	0	0:00:04.470709
269	2	0	0	0:00:04.462193
270	2	0	0	0:00:04.517304
271	2	0	0	0:00:04.505956
272	2	0	0	0:00:04.473222
273	2	0	0	0:00:04.403940
274	2	0	0	0:00:04.493789
275	2	0	0	0:00:04.532505
276	2	0	0	0:00:04.478134
277	2	2	1	0:00:04.394273
278	2	0	0	0:00:04.324276
279	1	1	1	0:00:04.454474
280	1	0	0	0:00:04.363597
281	1	1	1	0:00:04.425936
282	1	1	1	0:00:04.329407
283	1	1	1	0:00:04.385941
284	1	1	1	0:00:04.426785
285	1	1	1	0:00:04.487117
286	1	1	1	0:00:04.502413
287	1	1	1	0:00:04.471291
288	1	0	0	0:00:04.368246
289	1	1	1	0:00:04.309619
290	1	1	1	0:00:04.370944
291	1	0	0	0:00:04.447239
292	1	0	0	0:00:04.382802
293	1	0	0	0:00:04.433091
294	1	0	0	0:00:04.478433
295	1	1	1	0:00:04.551595
296	1	0	0	0:00:04.360451
297	1	1	1	0:00:04.455046
298	1	1	1	0:00:04.472142
299	1	1	1	0:00:04.607058
300	1	0	0	0:00:04.504073
301	1	1	1	0:00:04.380777
302	4	4	1	0:00:04.518416
303	4	4	1	0:00:04.490226
304	4	4	1	0:00:04.428785
305	4	3	0	0:00:04.517955
306	4	4	1	0:00:04.557135
307	4	4	1	0:00:04.561433
308	4	4	1	0:00:04.671255
309	4	3	0	0:00:04.516436
310	4	3	0	0:00:04.525612
311	4	3	0	0:00:04.457734
312	4	3	0	0:00:04.497991
313	4	3	0	0:00:04.417176
314	4	3	0	0:00:04.500738
315	4	3	0	0:00:04.533247
316	4	3	0	0:00:04.644029
317	4	3	0	0:00:04.604568
318	4	4	1	0:00:04.497160
319	4	4	1	0:00:04.512529
320	4	4	1	0:00:04.587384
321	4	4	1	0:00:04.570585
322	4	4	1	0:00:04.494554
323	4	4	1	0:00:04.586813
324	4	4	1	0:00:04.491997
325	4	4	1	0:00:04.683419
326	4	4	1	0:00:04.742965
327	4	4	1	0:00:04.686036
328	4	4	1	0:00:04.746855
329	4	4	1	0:00:04.647283
330	3	3	1	0:00:04.677349
331	3	3	1	0:00:04.637425
332	3	3	1	0:00:04.539256
333	3	3	1	0:00:04.600244
334	3	3	1	0:00:04.747552
335	3	3	1	0:00:04.680651
336	3	3	1	0:00:04.547215
337	3	3	1	0:00:04.872865
338	3	3	1	0:00:04.700670
339	3	3	1	0:00:04.712000
340	3	3	1	0:00:04.594099
341	3	3	1	0:00:04.629831
342	3	3	1	0:00:04.595883
343	3	4	0	0:00:04.634535
344	3	3	1	0:00:04.775344
345	3	3	1	0:00:04.682890
346	3	3	1	0:00:04.789061
347	3	3	1	0:00:04.624678
348	3	3	1	0:00:04.778200
349	3	3	1	0:00:04.734147
350	3	3	1	0:00:04.620236
351	3	3	1	0:00:04.811131
352	3	3	1	0:00:04.595413
353	3	3	1	0:00:04.708726
354	5	5	1	0:00:04.552955
355	5	5	1	0:00:04.710621
356	5	5	1	0:00:04.547343
357	5	5	1	0:00:04.624275
358	5	5	1	0:00:04.656033
359	5	5	1	0:00:04.632241
360	5	5	1	0:00:04.750977
361	5	5	1	0:00:04.609841
362	5	5	1	0:00:04.618879
363	5	5	1	0:00:04.606240
364	5	5	1	0:00:04.717868
365	5	5	1	0:00:04.710416
366	5	5	1	0:00:04.728606
367	5	5	1	0:00:04.554868
368	5	5	1	0:00:04.558882
369	5	5	1	0:00:04.816795
370	5	5	1	0:00:04.551911
371	5	5	1	0:00:04.535610
372	5	5	1	0:00:04.555575
373	5	5	1	0:00:04.712017
374	5	5	1	0:00:04.692348
375	5	5	1	0:00:04.700299
376	5	5	1	0:00:04.644531
377	5	5	1	0:00:04.548818
378	5	5	1	0:00:04.731177
379	5	5	1	0:00:04.798674
380	5	5	1	0:00:04.668746
381	5	5	1	0:00:04.592020
382	5	5	1	0:00:04.841450
383	5	5	1	0:00:04.719815
384	0	0	1	0:00:04.728265
385	0	0	1	0:00:04.793907
386	0	0	1	0:00:04.691441
387	0	0	1	0:00:04.988153
388	0	0	1	0:00:04.653016
389	0	0	1	0:00:04.592767
390	0	0	1	0:00:04.636038
391	0	0	1	0:00:04.665792
392	0	0	1	0:00:04.608956
393	0	0	1	0:00:04.520338
394	0	4	0	0:00:04.703336
395	0	4	0	0:00:04.830991
396	0	0	1	0:00:04.881768
397	0	0	1	0:00:04.484464
398	0	0	1	0:00:04.668602
399	0	0	1	0:00:04.686302
400	0	0	1	0:00:04.476491
401	0	0	1	0:00:04.676007
402	0	0	1	0:00:04.618417
403	0	0	1	0:00:04.558496
404	0	0	1	0:00:04.649169
405	0	0	1	0:00:04.537619
406	0	0	1	0:00:04.604869
407	0	0	1	0:00:04.634678
408	0	0	1	0:00:04.594135
409	0	0	1	0:00:04.598060
410	0	0	1	0:00:04.795068
411	0	0	1	0:00:04.709311
412	0	0	1	0:00:04.636955
413	0	4	0	0:00:04.384328
414	0	0	1	0:00:04.142490
415	2	0	0	0:00:04.151698
416	2	0	0	0:00:04.145250
417	2	2	1	0:00:04.143687
418	2	5	0	0:00:04.138279
419	2	2	1	0:00:04.146398
420	2	0	0	0:00:04.141949
421	2	0	0	0:00:04.147639
422	2	0	0	0:00:04.150906
423	2	2	1	0:00:04.138814
424	2	2	1	0:00:04.129501
425	2	0	0	0:00:04.144257
426	2	0	0	0:00:04.137955
427	2	2	1	0:00:04.140928
428	2	2	1	0:00:04.812270
429	2	2	1	0:00:04.623233
430	2	0	0	0:00:04.170027
431	2	0	0	0:00:04.530998
432	2	2	1	0:00:04.913956
433	2	2	1	0:00:04.279075
434	2	0	0	0:00:04.200018
435	2	0	0	0:00:04.189615
436	2	2	1	0:00:04.197498
437	2	2	1	0:00:04.201054
438	1	0	0	0:00:04.203143
439	1	4	0	0:00:04.196676
440	1	0	0	0:00:04.297281
441	1	1	1	0:00:04.331483
442	1	0	0	0:00:04.218702
443	1	0	0	0:00:04.175098
444	1	0	0	0:00:04.168970
445	1	0	0	0:00:04.211074
446	1	0	0	0:00:04.176862
447	1	0	0	0:00:04.180231
448	1	0	0	0:00:04.185516
449	1	0	0	0:00:04.172811
450	1	0	0	0:00:04.180718
451	1	0	0	0:00:04.346488
452	1	0	0	0:00:04.272084
453	1	0	0	0:00:04.238626
454	1	0	0	0:00:04.294828
455	1	0	0	0:00:04.210449
456	1	0	0	0:00:04.207342
457	1	0	0	0:00:04.249933
458	1	1	1	0:00:04.415818
459	1	0	0	0:00:04.226839
460	1	1	1	0:00:04.204791
461	1	0	0	0:00:04.294258
462	1	0	0	0:00:04.243793
463	1	0	0	0:00:04.204896
464	1	0	0	0:00:04.197553
465	1	0	0	0:00:04.189924
466	4	4	1	0:00:04.179902
467	4	4	1	0:00:04.179244
468	4	4	1	0:00:04.248832
469	4	4	1	0:00:04.400246
470	4	4	1	0:00:04.209712
471	4	4	1	0:00:04.198258
472	4	4	1	0:00:04.238154
473	4	4	1	0:00:04.144781
474	4	4	1	0:00:04.145998
475	4	4	1	0:00:04.201271
476	4	4	1	0:00:04.166763
477	4	4	1	0:00:04.136565
478	4	4	1	0:00:04.126868
479	4	4	1	0:00:04.115707
480	4	4	1	0:00:04.099537
481	4	4	1	0:00:04.101488
482	4	4	1	0:00:04.103991
483	4	4	1	0:00:04.104740
484	4	4	1	0:00:04.108097
485	4	4	1	0:00:04.103912
486	4	4	1	0:00:04.099983
487	4	4	1	0:00:04.094560
488	4	4	1	0:00:04.110708
489	4	4	1	0:00:04.110850
490	4	4	1	0:00:04.102184
491	4	4	1	0:00:04.099697
492	4	4	1	0:00:04.100203
493	4	4	1	0:00:04.100466
494	3	3	1	0:00:04.100902
495	3	3	1	0:00:04.111186
496	3	3	1	0:00:04.107973
497	3	3	1	0:00:04.114573
498	3	3	1	0:00:04.110327
499	3	3	1	0:00:04.104479
500	3	3	1	0:00:04.111304
501	3	3	1	0:00:04.111485
502	3	3	1	0:00:04.158229
503	3	3	1	0:00:04.134161
504	3	3	1	0:00:04.104910
505	3	3	1	0:00:04.098708
506	3	3	1	0:00:04.098501
507	3	3	1	0:00:04.087327
508	3	3	1	0:00:04.101069
509	3	3	1	0:00:04.091401
510	3	4	0	0:00:04.078331
511	3	4	0	0:00:04.092604
512	3	4	0	0:00:04.085856
513	3	4	0	0:00:04.094016
514	3	4	0	0:00:04.092389
515	3	4	0	0:00:04.092174
516	3	3	1	0:00:04.094767
517	3	4	0	0:00:04.087827
518	3	4	0	0:00:04.092870
519	3	4	0	0:00:04.111161
520	5	5	1	0:00:04.098194
521	5	5	1	0:00:04.086977
522	5	5	1	0:00:04.091105
523	5	5	1	0:00:04.103810
524	5	5	1	0:00:04.092349
525	5	5	1	0:00:04.094428
526	5	5	1	0:00:04.094043
527	5	5	1	0:00:04.091602
528	5	5	1	0:00:04.088815
529	5	5	1	0:00:04.091739
530	5	5	1	0:00:04.103395
531	5	5	1	0:00:04.126205
532	5	5	1	0:00:04.107945
533	5	5	1	0:00:04.111836
534	5	5	1	0:00:04.107297
535	5	5	1	0:00:04.101281
536	5	5	1	0:00:04.104449
537	5	5	1	0:00:04.108190
538	5	5	1	0:00:04.107475
539	5	5	1	0:00:04.104565
540	5	5	1	0:00:04.105828
541	5	5	1	0:00:04.099960
542	5	5	1	0:00:04.106247
543	5	5	1	0:00:04.102028
544	0	0	1	0:00:04.088669
545	0	0	1	0:00:04.104482
546	0	0	1	0:00:04.100572
547	0	0	1	0:00:04.103514
548	0	0	1	0:00:04.089365
549	0	0	1	0:00:04.094912
550	0	0	1	0:00:04.093549
551	0	0	1	0:00:04.094978
552	0	0	1	0:00:04.102671
553	0	0	1	0:00:04.097561
554	0	0	1	0:00:04.088510
555	0	0	1	0:00:04.094014
556	0	0	1	0:00:04.088925
557	0	0	1	0:00:04.093983
558	0	2	0	0:00:04.116074
559	0	0	1	0:00:04.089375
560	0	0	1	0:00:04.093852
561	0	0	1	0:00:04.086064
562	0	0	1	0:00:04.099834
563	0	0	1	0:00:04.095041
564	0	0	1	0:00:04.094383
565	0	0	1	0:00:04.089456
566	0	0	1	0:00:04.084609
567	0	0	1	0:00:04.101629
568	0	0	1	0:00:04.099203
569	0	0	1	0:00:04.091727
570	0	0	1	0:00:04.095037
571	0	0	1	0:00:04.086875
572	0	0	1	0:00:04.095197
573	2	0	0	0:00:04.092747
574	2	2	1	0:00:04.102869
575	2	2	1	0:00:04.121019
576	2	0	0	0:00:04.101444
577	2	0	0	0:00:04.100867
578	2	2	1	0:00:04.114403
579	2	2	1	0:00:04.094330
580	2	0	0	0:00:04.099986
581	2	0	0	0:00:04.096818
582	2	2	1	0:00:04.102791
583	2	2	1	0:00:04.096985
584	2	2	1	0:00:04.101462
585	2	0	0	0:00:04.105691
586	2	2	1	0:00:04.104399
587	2	2	1	0:00:04.096915
588	2	2	1	0:00:04.089545
589	2	2	1	0:00:04.095327
590	2	2	1	0:00:04.096545
591	2	2	1	0:00:04.096611
592	2	0	0	0:00:04.097918
593	2	2	1	0:00:04.098469
594	2	2	1	0:00:04.089777
595	1	1	1	0:00:04.105492
596	1	1	1	0:00:04.102300
597	1	1	1	0:00:04.091972
598	1	0	0	0:00:04.089622
599	1	0	0	0:00:04.093737
600	1	0	0	0:00:04.090198
601	1	0	0	0:00:04.104285
602	1	0	0	0:00:04.094785
603	1	0	0	0:00:04.098705
604	1	0	0	0:00:04.120311
605	1	2	0	0:00:04.142005
606	1	0	0	0:00:04.137503
607	1	0	0	0:00:04.146905
608	1	0	0	0:00:04.141949
609	1	0	0	0:00:04.142824
610	1	0	0	0:00:04.142894
611	1	2	0	0:00:04.152464
612	1	0	0	0:00:04.159126
613	1	1	1	0:00:04.163900
614	1	0	0	0:00:04.166529
615	1	0	0	0:00:04.181223
616	1	0	0	0:00:04.167781
617	1	0	0	0:00:04.166438
618	1	0	0	0:00:04.172433
619	4	4	1	0:00:04.175271
620	4	4	1	0:00:04.163859
621	4	3	0	0:00:04.161662
622	4	3	0	0:00:04.279840
623	4	3	0	0:00:04.132200
624	4	3	0	0:00:04.134327
625	4	4	1	0:00:04.127419
626	4	4	1	0:00:04.134300
627	4	3	0	0:00:04.160943
628	4	3	0	0:00:04.159499
629	4	4	1	0:00:04.157817
630	4	3	0	0:00:04.165712
631	4	3	0	0:00:04.160997
632	4	3	0	0:00:04.135841
633	4	3	0	0:00:04.148341
634	4	3	0	0:00:04.142406
635	4	3	0	0:00:04.135017
636	4	4	1	0:00:04.131815
637	4	4	1	0:00:04.134158
638	4	4	1	0:00:04.149665
639	4	4	1	0:00:04.144888
640	4	4	1	0:00:04.131515
641	3	3	1	0:00:04.158355
642	3	3	1	0:00:04.165347
643	3	3	1	0:00:04.163746
644	3	3	1	0:00:04.161579
645	3	3	1	0:00:04.165925
646	3	3	1	0:00:04.163970
647	3	3	1	0:00:04.167071
648	3	3	1	0:00:04.195302
649	3	3	1	0:00:04.170431
650	3	3	1	0:00:04.170033
651	3	3	1	0:00:04.234807
652	3	3	1	0:00:04.198377
653	3	3	1	0:00:04.189060
654	3	3	1	0:00:04.347521
655	3	3	1	0:00:04.248286
656	3	3	1	0:00:04.224989
657	3	3	1	0:00:04.201349
658	3	3	1	0:00:04.209461
659	3	3	1	0:00:04.185616
660	3	3	1	0:00:04.196756
661	3	4	0	0:00:04.196155
662	3	3	1	0:00:04.193030
663	3	3	1	0:00:04.187220
664	3	3	1	0:00:04.179981
665	3	3	1	0:00:04.174752
666	5	5	1	0:00:04.254742
667	5	5	1	0:00:04.176756
668	5	5	1	0:00:04.173672
669	5	5	1	0:00:04.179811
670	5	5	1	0:00:04.180862
671	5	5	1	0:00:04.173125
672	5	5	1	0:00:04.174112
673	5	5	1	0:00:04.181040
674	5	5	1	0:00:04.176828
675	5	5	1	0:00:04.177347
676	5	5	1	0:00:04.225307
677	5	5	1	0:00:04.235939
678	5	5	1	0:00:04.227694
679	5	5	1	0:00:04.189464
680	5	5	1	0:00:04.207409
681	5	5	1	0:00:04.190879
682	5	5	1	0:00:04.192744
683	5	5	1	0:00:04.184756
684	5	5	1	0:00:04.184302
685	5	5	1	0:00:04.219453
686	5	5	1	0:00:04.546475
687	5	5	1	0:00:04.195065
688	5	5	1	0:00:04.194666
689	5	5	1	0:00:04.203777
690	0	0	1	0:00:04.195528
691	0	0	1	0:00:04.188803
692	0	0	1	0:00:04.205745
693	0	0	1	0:00:04.212520
694	0	0	1	0:00:04.185104
695	0	0	1	0:00:04.183185
696	0	0	1	0:00:04.187574
697	0	0	1	0:00:04.197126
698	0	0	1	0:00:04.193736
699	0	0	1	0:00:04.187654
700	0	0	1	0:00:04.191715
701	0	0	1	0:00:04.193543
702	0	0	1	0:00:04.186631
703	0	2	0	0:00:04.196226
704	0	0	1	0:00:04.329421
705	0	0	1	0:00:04.295759
706	0	0	1	0:00:04.281582
707	0	0	1	0:00:04.237379
708	0	0	1	0:00:04.220282
709	0	0	1	0:00:04.211531
710	0	0	1	0:00:04.216429
711	0	0	1	0:00:04.217436
712	0	0	1	0:00:04.209184
713	0	0	1	0:00:04.205650
714	0	0	1	0:00:04.204940
715	0	0	1	0:00:04.255492
716	2	0	0	0:00:04.150913
717	2	0	0	0:00:04.153905
718	2	0	0	0:00:04.154783
719	2	2	1	0:00:04.157297
720	2	2	1	0:00:04.167289
721	2	2	1	0:00:04.150072
722	2	0	0	0:00:04.146613
723	1	2	0	0:00:04.148773
724	1	2	0	0:00:04.155479
725	1	0	0	0:00:04.154526
726	1	4	0	0:00:04.152090
727	1	0	0	0:00:04.150054
728	1	4	0	0:00:04.145152
729	1	4	0	0:00:04.144222
730	1	0	0	0:00:04.182837
731	1	0	0	0:00:04.148957
732	1	5	0	0:00:04.152334
733	2	2	1	0:00:04.142132
734	2	0	0	0:00:04.148803
735	2	0	0	0:00:04.155763
736	2	2	1	0:00:04.159688
737	2	0	0	0:00:04.140092
738	2	0	0	0:00:04.146016
739	1	0	0	0:00:04.147134
740	1	0	0	0:00:04.145031
741	1	1	1	0:00:04.145535
742	1	0	0	0:00:04.149968
743	1	0	0	0:00:04.143834
744	1	0	0	0:00:04.147300
745	1	0	0	0:00:04.954421
746	1	0	0	0:00:04.636128
747	2	2	1	0:00:04.138373
748	2	2	1	0:00:04.144929
749	2	2	1	0:00:04.140186
750	2	2	1	0:00:04.366670
751	2	0	0	0:00:04.194240
752	2	0	0	0:00:04.172639
753	2	2	1	0:00:04.157393
754	2	0	0	0:00:04.155245
755	1	2	0	0:00:04.151323
756	1	3	0	0:00:04.151043
757	1	0	0	0:00:04.151995
758	1	0	0	0:00:04.147674
759	1	0	0	0:00:04.147103
760	1	0	0	0:00:04.150475
761	1	0	0	0:00:04.148579
762	1	0	0	0:00:04.149549
763	4	3	0	0:00:04.203336
764	4	3	0	0:00:04.144467
765	4	4	1	0:00:04.170168
766	4	3	0	0:00:04.143226
767	4	3	0	0:00:04.152334
768	4	3	0	0:00:04.143684
769	4	3	0	0:00:04.143364
770	4	3	0	0:00:04.143677
771	4	3	0	0:00:04.140846
772	4	3	0	0:00:04.147061
773	4	4	1	0:00:04.150522
774	4	3	0	0:00:04.131395
775	4	3	0	0:00:04.137311
776	4	3	0	0:00:04.133254
777	4	3	0	0:00:04.145500
778	4	4	1	0:00:04.142914
779	4	3	0	0:00:04.147145
780	4	3	0	0:00:04.138785
781	4	3	0	0:00:04.138908
782	4	4	1	0:00:04.173738
783	4	3	0	0:00:04.180273
784	4	3	0	0:00:04.171757
785	4	4	1	0:00:04.170942
786	3	4	0	0:00:04.175199
787	3	4	0	0:00:04.181234
788	3	4	0	0:00:04.171962
789	3	4	0	0:00:04.185492
790	3	4	0	0:00:04.179925
791	3	4	0	0:00:04.175113
792	3	4	0	0:00:04.411878
793	3	3	1	0:00:04.184571
794	3	4	0	0:00:04.166014
795	3	4	0	0:00:04.178041
796	3	5	0	0:00:04.190828
797	3	5	0	0:00:04.172992
798	3	3	1	0:00:04.168243
799	3	3	1	0:00:04.165675
800	3	3	1	0:00:04.164130
801	3	3	1	0:00:04.157746
802	3	3	1	0:00:04.188407
803	3	3	1	0:00:04.156455
804	3	3	1	0:00:04.119125
805	3	3	1	0:00:04.119007
806	3	4	0	0:00:04.160625
807	3	4	0	0:00:04.163582
808	3	3	1	0:00:04.167711
809	3	3	1	0:00:04.167325
810	3	3	1	0:00:04.169511
811	5	5	1	0:00:04.166311
812	5	5	1	0:00:04.164490
813	5	5	1	0:00:04.162143
814	5	5	1	0:00:04.165721
815	5	5	1	0:00:04.170982
816	5	5	1	0:00:04.167612
817	5	5	1	0:00:04.164032
818	5	5	1	0:00:04.166084
819	5	5	1	0:00:04.165766
820	5	5	1	0:00:04.164026
821	5	5	1	0:00:04.166596
822	5	5	1	0:00:04.182247
823	5	5	1	0:00:04.165112
824	5	5	1	0:00:04.181186
825	5	5	1	0:00:04.160944
826	5	5	1	0:00:04.168241
827	5	5	1	0:00:04.164210
828	5	5	1	0:00:04.176901
829	5	5	1	0:00:04.163761
830	5	5	1	0:00:04.166867
831	5	5	1	0:00:04.167769
832	5	5	1	0:00:04.175884
833	5	5	1	0:00:04.186857
834	5	5	1	0:00:04.165136
835	5	5	1	0:00:04.168404
836	5	5	1	0:00:04.169513
837	0	2	0	0:00:04.194939
838	0	0	1	0:00:04.170210
839	0	0	1	0:00:04.165865
840	0	0	1	0:00:04.165768
841	0	0	1	0:00:04.166483
842	0	0	1	0:00:04.172827
843	0	0	1	0:00:04.173250
844	0	0	1	0:00:04.133267
845	0	0	1	0:00:04.154389
846	0	0	1	0:00:04.164548
847	0	0	1	0:00:04.164701
848	0	0	1	0:00:04.117235
849	0	0	1	0:00:04.143231
850	0	2	0	0:00:04.156347
851	0	0	1	0:00:04.156869
852	0	0	1	0:00:04.169354
853	0	0	1	0:00:04.172896
854	0	0	1	0:00:04.150590
855	0	0	1	0:00:04.157255
856	0	0	1	0:00:04.156670
857	0	0	1	0:00:04.155555
858	0	0	1	0:00:04.168678
859	0	0	1	0:00:04.183961
860	0	0	1	0:00:04.154790
861	0	0	1	0:00:04.153460
862	0	0	1	0:00:04.179229
863	2	0	0	0:00:04.156718
864	2	2	1	0:00:04.159664
865	2	2	1	0:00:04.190927
866	2	0	0	0:00:04.177931
867	2	2	1	0:00:04.158712
868	2	2	1	0:00:04.153843
869	2	0	0	0:00:04.159198
870	2	0	0	0:00:04.164059
871	2	2	1	0:00:04.158766
872	2	2	1	0:00:04.153262
873	2	0	0	0:00:04.156634
874	2	2	1	0:00:04.168998
875	2	0	0	0:00:04.160001
876	2	0	0	0:00:04.161298
877	1	2	0	0:00:04.169871
878	1	5	0	0:00:04.177579
879	1	0	0	0:00:04.178315
880	1	0	0	0:00:04.183609
881	1	0	0	0:00:04.163898
882	1	0	0	0:00:04.154682
883	1	0	0	0:00:04.149794
884	1	0	0	0:00:04.149854
885	1	2	0	0:00:04.146060
886	1	1	1	0:00:04.770178
887	1	0	0	0:00:04.893623
888	1	0	0	0:00:04.360037
889	1	0	0	0:00:04.548170
890	1	0	0	0:00:04.666802
891	1	0	0	0:00:04.592995
892	1	0	0	0:00:04.177830
893	1	0	0	0:00:04.176189
894	1	1	1	0:00:04.179585
895	1	0	0	0:00:04.168712
896	1	0	0	0:00:04.186497
897	1	0	0	0:00:04.179355
898	1	0	0	0:00:04.157851
899	1	0	0	0:00:04.165466
900	2	2	1	0:00:04.153817
901	2	2	1	0:00:04.158144
902	2	2	1	0:00:04.161987
903	2	0	0	0:00:04.162748
904	2	0	0	0:00:04.159357
905	2	0	0	0:00:04.161428
906	2	0	0	0:00:04.170565
907	4	4	1	0:00:04.176751
908	4	4	1	0:00:04.166846
909	4	4	1	0:00:04.153019
910	4	4	1	0:00:04.160769
911	4	4	1	0:00:04.184338
912	4	4	1	0:00:04.185301
913	4	4	1	0:00:04.154253
914	4	4	1	0:00:04.157384
915	4	4	1	0:00:04.176116
916	4	4	1	0:00:04.182123
917	4	4	1	0:00:04.159572
918	4	4	1	0:00:04.167043
919	4	4	1	0:00:04.181908
920	4	4	1	0:00:04.156609
921	4	4	1	0:00:04.157993
922	4	4	1	0:00:04.157955
923	4	4	1	0:00:04.170172
924	4	4	1	0:00:04.155082
925	4	4	1	0:00:04.153807
926	4	4	1	0:00:04.171414
927	4	4	1	0:00:04.176697
928	4	4	1	0:00:04.159578
929	4	4	1	0:00:04.156888
930	3	3	1	0:00:04.158287
931	3	3	1	0:00:04.154306
932	3	3	1	0:00:04.178451
933	3	3	1	0:00:04.177591
934	3	3	1	0:00:04.168669
935	3	3	1	0:00:04.163383
936	3	3	1	0:00:04.161269
937	3	3	1	0:00:04.165948
938	3	3	1	0:00:04.152533
939	3	3	1	0:00:04.158042
940	3	3	1	0:00:04.161770
941	3	3	1	0:00:04.155884
942	3	3	1	0:00:04.155474
943	3	3	1	0:00:04.155553
944	3	3	1	0:00:04.156186
945	3	3	1	0:00:04.155758
946	3	3	1	0:00:04.158018
947	3	3	1	0:00:04.155185
948	3	3	1	0:00:04.170096
949	3	3	1	0:00:04.156453
950	3	3	1	0:00:04.160728
951	3	3	1	0:00:04.160698
952	3	3	1	0:00:04.156365
953	3	3	1	0:00:04.158132
954	5	5	1	0:00:04.157101
955	5	5	1	0:00:04.162574
956	5	5	1	0:00:04.160011
957	5	5	1	0:00:04.158680
958	5	5	1	0:00:04.159427
959	5	5	1	0:00:04.155602
960	5	5	1	0:00:04.149615
961	5	5	1	0:00:04.166567
962	5	5	1	0:00:04.160506
963	5	5	1	0:00:04.159603
964	5	5	1	0:00:04.174392
965	5	5	1	0:00:04.155235
966	5	5	1	0:00:04.167166
967	5	5	1	0:00:04.175319
968	5	5	1	0:00:04.165160
969	5	1	0	0:00:04.162953
970	5	1	0	0:00:04.161535
971	5	5	1	0:00:04.155602
972	5	5	1	0:00:04.155995
973	5	5	1	0:00:04.157356
974	5	5	1	0:00:04.163798
975	5	5	1	0:00:04.285041
976	5	5	1	0:00:04.338941
977	5	5	1	0:00:04.329839
978	5	5	1	0:00:04.297070
979	5	5	1	0:00:04.308302
980	5	5	1	0:00:04.326949
981	5	5	1	0:00:04.265587
982	5	5	1	0:00:04.330399
983	5	5	1	0:00:04.316831
984	5	5	1	0:00:04.345792
985	0	0	1	0:00:04.306196
986	0	0	1	0:00:04.324180
987	0	0	1	0:00:04.327863
988	0	0	1	0:00:04.311145
989	0	0	1	0:00:04.320812
990	0	0	1	0:00:04.372377
991	0	0	1	0:00:04.327212
992	0	0	1	0:00:04.317421
993	0	0	1	0:00:04.320498
994	0	0	1	0:00:04.346111
995	0	0	1	0:00:04.318043
996	0	0	1	0:00:04.323194
997	0	0	1	0:00:04.341286
998	0	0	1	0:00:04.315361
999	0	0	1	0:00:04.341801
1000	0	0	1	0:00:04.388472
1001	0	0	1	0:00:04.278082
1002	0	0	1	0:00:04.292426
1003	0	0	1	0:00:04.265990
1004	0	0	1	0:00:04.303460
1005	0	0	1	0:00:04.277163
1006	0	0	1	0:00:04.280717
1007	0	0	1	0:00:04.334724
1008	0	0	1	0:00:04.298201
1009	0	0	1	0:00:04.324521
1010	0	0	1	0:00:04.277659
1011	0	0	1	0:00:04.275176
1012	2	0	0	0:00:04.253626
1013	2	2	1	0:00:04.258638
1014	2	0	0	0:00:04.259211
1015	2	0	0	0:00:04.246540
1016	2	2	1	0:00:04.242342
1017	2	0	0	0:00:04.353212
1018	2	0	0	0:00:04.326121
1019	2	2	1	0:00:04.351943
1020	2	2	1	0:00:04.334754
1021	2	0	0	0:00:04.313334
1022	2	0	0	0:00:04.430210
1023	2	0	0	0:00:04.309334
1024	2	0	0	0:00:04.294711
1025	2	0	0	0:00:04.337958
1026	2	2	1	0:00:04.316365
1027	2	0	0	0:00:04.323235
1028	2	0	0	0:00:04.290208
1029	2	0	0	0:00:04.289180
1030	2	0	0	0:00:04.284468
1031	1	0	0	0:00:04.307258
1032	1	0	0	0:00:04.360977
1033	1	0	0	0:00:04.331801
1034	1	0	0	0:00:04.313891
1035	1	0	0	0:00:04.396796
1036	1	0	0	0:00:04.346766
1037	1	0	0	0:00:04.288532
1038	1	0	0	0:00:04.269361
1039	1	0	0	0:00:04.293214
1040	1	1	1	0:00:04.266528
1041	1	0	0	0:00:04.292146
1042	1	0	0	0:00:04.350084
1043	1	0	0	0:00:04.336860
1044	1	0	0	0:00:04.290403
1045	1	0	0	0:00:04.293668
1046	1	0	0	0:00:04.288761
1047	1	0	0	0:00:04.343356
1048	1	0	0	0:00:04.355539
1049	1	0	0	0:00:04.424409
1050	1	0	0	0:00:04.353827
1051	1	0	0	0:00:04.306313
1052	1	0	0	0:00:04.314892
1053	1	2	0	0:00:04.327157
1054	4	3	0	0:00:04.290761
1055	4	3	0	0:00:04.352219
1056	4	3	0	0:00:04.329481
1057	4	3	0	0:00:04.336111
1058	4	3	0	0:00:04.316926
1059	4	3	0	0:00:04.383458
1060	4	3	0	0:00:04.338713
1061	4	3	0	0:00:04.248232
1062	4	3	0	0:00:04.287604
1063	4	3	0	0:00:04.306389
1064	4	3	0	0:00:04.297953
1065	4	3	0	0:00:04.272696
1066	4	3	0	0:00:04.284369
1067	4	3	0	0:00:04.267243
1068	4	3	0	0:00:04.304245
1069	4	3	0	0:00:04.299537
1070	4	3	0	0:00:04.285756
1071	4	3	0	0:00:04.348792
1072	4	3	0	0:00:04.309252
1073	4	3	0	0:00:04.331931
1074	4	3	0	0:00:04.297120
1075	3	4	0	0:00:04.332328
1076	3	4	0	0:00:04.330497
1077	3	4	0	0:00:04.397927
1078	3	4	0	0:00:04.289242
1079	3	4	0	0:00:04.296110
1080	3	4	0	0:00:04.309505
1081	3	4	0	0:00:04.309829
1082	3	4	0	0:00:04.332565
1083	3	4	0	0:00:04.319632
1084	3	4	0	0:00:04.342678
1085	3	4	0	0:00:04.319538
1086	3	4	0	0:00:04.309621
1087	3	4	0	0:00:04.339316
1088	3	4	0	0:00:04.355207
1089	3	4	0	0:00:04.303772
1090	3	4	0	0:00:04.314244
1091	3	4	0	0:00:04.399298
1092	3	3	1	0:00:04.363002
1093	3	4	0	0:00:04.353282
1094	3	4	0	0:00:04.400419
1095	3	4	0	0:00:04.348800
1096	3	4	0	0:00:04.299057
1097	3	4	0	0:00:04.373317
1098	3	4	0	0:00:04.362586
1099	3	4	0	0:00:04.360271
1100	3	4	0	0:00:04.337699
1101	3	4	0	0:00:04.363818
1102	3	4	0	0:00:04.370875
1103	3	4	0	0:00:04.367085
1104	3	4	0	0:00:04.413619
1105	5	5	1	0:00:04.360013
1106	5	5	1	0:00:04.361550
1107	5	5	1	0:00:04.340061
1108	5	5	1	0:00:04.384187
1109	5	5	1	0:00:04.344919
1110	5	5	1	0:00:04.320570
1111	5	5	1	0:00:04.414185
1112	5	5	1	0:00:04.312160
1113	5	5	1	0:00:04.320817
1114	5	5	1	0:00:04.281481
1115	5	5	1	0:00:04.279394
1116	5	5	1	0:00:04.211932
1117	5	5	1	0:00:04.132555
1118	5	5	1	0:00:04.130196
1119	5	5	1	0:00:04.135818
1120	5	5	1	0:00:04.135336
1121	5	5	1	0:00:04.133654
1122	5	5	1	0:00:04.137030
1123	5	5	1	0:00:04.132838
1124	5	5	1	0:00:04.130853
1125	5	5	1	0:00:04.133992
1126	5	5	1	0:00:04.136933
1127	5	5	1	0:00:04.147369
1128	5	5	1	0:00:04.134957
1129	5	5	1	0:00:04.133415
1130	5	5	1	0:00:04.127899
1131	5	5	1	0:00:04.127537
1132	0	0	1	0:00:04.155798
1133	0	0	1	0:00:04.135778
1134	0	0	1	0:00:04.133508
1135	0	0	1	0:00:04.136621
1136	0	0	1	0:00:04.131543
1137	0	0	1	0:00:04.133453
1138	0	0	1	0:00:04.132775
1139	0	0	1	0:00:04.125783
1140	0	0	1	0:00:04.129069
1141	0	0	1	0:00:04.120797
1142	0	0	1	0:00:04.133828
1143	0	0	1	0:00:04.125389
1144	0	0	1	0:00:04.238029
1145	0	2	0	0:00:04.175808
1146	0	0	1	0:00:04.149276
1147	0	0	1	0:00:04.152660
1148	0	0	1	0:00:04.136225
1149	0	0	1	0:00:04.138385
1150	0	0	1	0:00:04.138831
1151	0	0	1	0:00:04.143637
1152	0	0	1	0:00:04.132179
1153	0	0	1	0:00:04.127749
1154	0	0	1	0:00:04.164608
1155	0	0	1	0:00:04.127404
1156	0	0	1	0:00:04.173281
1157	0	0	1	0:00:04.127586
1158	2	0	0	0:00:04.129866
1159	2	2	1	0:00:04.126619
1160	2	2	1	0:00:04.126356
1161	2	0	0	0:00:04.130904
1162	2	0	0	0:00:04.135652
1163	2	2	1	0:00:04.131386
1164	2	2	1	0:00:04.131814
1165	2	2	1	0:00:04.127978
1166	2	2	1	0:00:04.132024
1167	2	2	1	0:00:04.135686
1168	2	2	1	0:00:04.129092
1169	2	2	1	0:00:04.130899
1170	2	2	1	0:00:04.136668
1171	2	2	1	0:00:04.127219
1172	2	2	1	0:00:04.130378
1173	2	0	0	0:00:04.131739
1174	2	0	0	0:00:04.127564
1175	2	0	0	0:00:04.130944
1176	2	0	0	0:00:04.130371
1177	1	2	0	0:00:04.128598
1178	1	0	0	0:00:04.129212
1179	1	2	0	0:00:04.136136
1180	1	0	0	0:00:04.135879
1181	1	0	0	0:00:04.130398
1182	1	0	0	0:00:04.125730
1183	1	2	0	0:00:04.130975
1184	1	2	0	0:00:04.130212
1185	1	2	0	0:00:04.140003
1186	1	0	0	0:00:04.130633
1187	1	0	0	0:00:04.136006
1188	1	2	0	0:00:04.129556
1189	1	0	0	0:00:04.149600
1190	1	0	0	0:00:04.214245
1191	1	0	0	0:00:04.247855
1192	1	0	0	0:00:04.201235
1193	1	0	0	0:00:04.127092
1194	1	0	0	0:00:04.110142
1195	1	0	0	0:00:04.114813
1196	1	0	0	0:00:04.114637
1197	1	0	0	0:00:04.113706
1198	1	0	0	0:00:04.112917
1199	1	0	0	0:00:04.118056
1200	1	0	0	0:00:04.114149
1201	4	4	1	0:00:04.161691
1202	4	4	1	0:00:04.224588
1203	4	4	1	0:00:04.221919
1204	4	4	1	0:00:04.221699
1205	4	4	1	0:00:04.227201
1206	4	4	1	0:00:04.222244
1207	4	4	1	0:00:04.125551
1208	4	4	1	0:00:04.109595
1209	4	4	1	0:00:04.135939
1210	4	4	1	0:00:04.245011
1211	4	4	1	0:00:04.146381
1212	4	4	1	0:00:04.136057
1213	4	4	1	0:00:04.158930
1214	4	4	1	0:00:04.164679
1215	4	4	1	0:00:04.138048
1216	4	4	1	0:00:04.140887
1217	4	4	1	0:00:04.137224
1218	4	4	1	0:00:04.131877
1219	4	4	1	0:00:04.139784
1220	4	4	1	0:00:04.152399
1221	4	4	1	0:00:04.133814
1222	4	4	1	0:00:04.135670
1223	4	4	1	0:00:04.139295
1224	4	4	1	0:00:04.134463
1225	4	4	1	0:00:04.136088
1226	4	4	1	0:00:04.137497
1227	4	4	1	0:00:04.147721
1228	3	3	1	0:00:04.133554
1229	3	3	1	0:00:04.138764
1230	3	3	1	0:00:04.153425
1231	3	3	1	0:00:04.134197
1232	3	3	1	0:00:04.162576
1233	3	3	1	0:00:04.136413
1234	3	3	1	0:00:04.141865
1235	3	3	1	0:00:04.160082
1236	3	3	1	0:00:04.133059
1237	3	3	1	0:00:04.148292
1238	3	3	1	0:00:04.143426
1239	3	3	1	0:00:04.164626
1240	3	3	1	0:00:04.133092
1241	3	4	0	0:00:04.130291
1242	3	4	0	0:00:04.139112
1243	3	3	1	0:00:04.211380
1244	3	3	1	0:00:04.185140
1245	3	3	1	0:00:04.186427
1246	3	3	1	0:00:04.169405
1247	3	3	1	0:00:04.275470
1248	3	3	1	0:00:04.278364
1249	3	3	1	0:00:04.308240
1250	3	3	1	0:00:04.165703
1251	3	4	0	0:00:04.184031
1252	3	4	0	0:00:04.170552
1253	3	4	0	0:00:04.163585
1254	3	4	0	0:00:04.185683
1255	3	4	0	0:00:04.174643
1256	5	5	1	0:00:04.172338
1257	5	5	1	0:00:04.162140
1258	5	5	1	0:00:04.232714
1259	5	5	1	0:00:04.175139
1260	5	5	1	0:00:04.164344
1261	5	5	1	0:00:04.204644
1262	5	5	1	0:00:04.165272
1263	5	5	1	0:00:04.206237
1264	5	5	1	0:00:04.223097
1265	5	5	1	0:00:04.167805
1266	5	5	1	0:00:04.169537
1267	5	5	1	0:00:04.294441
1268	5	5	1	0:00:04.224063
1269	5	5	1	0:00:04.184056
1270	5	5	1	0:00:04.214366
1271	5	5	1	0:00:04.199301
1272	5	5	1	0:00:04.188661
1273	5	5	1	0:00:04.211353
1274	5	5	1	0:00:04.191612
1275	5	5	1	0:00:04.219826
1276	5	5	1	0:00:04.298182
1277	5	5	1	0:00:04.207148
1278	5	5	1	0:00:04.218364
1279	5	5	1	0:00:04.155792
1280	5	5	1	0:00:04.162795
1281	5	5	1	0:00:04.164267
1282	5	5	1	0:00:04.163460
1283	0	0	1	0:00:04.164552
1284	0	0	1	0:00:04.166429
1285	0	0	1	0:00:04.198066
1286	0	0	1	0:00:04.183023
1287	0	0	1	0:00:04.175696
1288	0	0	1	0:00:04.162053
1289	0	0	1	0:00:04.186433
1290	0	0	1	0:00:04.176934
1291	0	0	1	0:00:04.135083
1292	0	0	1	0:00:04.182359
1293	0	0	1	0:00:04.130756
1294	0	0	1	0:00:04.149053
1295	0	0	1	0:00:04.130195
1296	0	0	1	0:00:04.129282
1297	0	2	0	0:00:04.310355
1298	0	0	1	0:00:04.152910
1299	0	0	1	0:00:04.122558
1300	0	0	1	0:00:04.156689
1301	0	0	1	0:00:04.148485
1302	0	0	1	0:00:04.133419
1303	0	0	1	0:00:04.134939
1304	0	0	1	0:00:04.183255
1305	0	0	1	0:00:04.144481
1306	0	0	1	0:00:04.143604
1307	0	0	1	0:00:04.152987
1308	0	0	1	0:00:04.144031
1309	0	0	1	0:00:04.159724
1310	2	0	0	0:00:04.144313
1311	2	0	0	0:00:04.249482
1312	2	2	1	0:00:04.210069
1313	2	0	0	0:00:04.175115
1314	2	0	0	0:00:04.207467
1315	2	0	0	0:00:04.170116
1316	2	0	0	0:00:04.185221
1317	2	0	0	0:00:04.191519
1318	2	5	0	0:00:04.167406
1319	2	2	1	0:00:04.190984
1320	2	0	0	0:00:04.173105
1321	2	2	1	0:00:04.208615
1322	2	2	1	0:00:04.175406
1323	2	0	0	0:00:04.173299
1324	2	0	0	0:00:04.173756
1325	2	0	0	0:00:04.186289
1326	2	0	0	0:00:04.200554
1327	2	0	0	0:00:04.191626
1328	2	0	0	0:00:04.374929
1329	2	0	0	0:00:04.349217
1330	2	0	0	0:00:04.228588
1331	2	0	0	0:00:04.194681
1332	2	0	0	0:00:04.192580
1333	2	0	0	0:00:04.197432
1334	2	0	0	0:00:04.193304
1335	1	1	1	0:00:04.191080
1336	1	0	0	0:00:04.227325
1337	1	0	0	0:00:04.190406
1338	1	0	0	0:00:04.208276
1339	1	0	0	0:00:04.188183
1340	1	0	0	0:00:04.197452
1341	1	0	0	0:00:04.214787
1342	1	0	0	0:00:04.211974
1343	1	0	0	0:00:04.193396
1344	1	0	0	0:00:04.186896
1345	1	0	0	0:00:04.193128
1346	1	0	0	0:00:04.192195
1347	1	0	0	0:00:04.201015
1348	1	0	0	0:00:04.198577
1349	1	0	0	0:00:04.193403
1350	1	0	0	0:00:04.189600
1351	1	0	0	0:00:04.182480
1352	1	0	0	0:00:04.174417
1353	1	0	0	0:00:04.210439
1354	1	0	0	0:00:04.180338
1355	1	0	0	0:00:04.177773
1356	1	0	0	0:00:04.199466
1357	1	0	0	0:00:04.179056
1358	1	0	0	0:00:04.190784
1359	1	0	0	0:00:04.187577
1360	1	1	1	0:00:04.184014
1361	1	0	0	0:00:04.183988
1362	4	0	0	0:00:04.178216
1363	4	0	0	0:00:04.186506
1364	4	4	1	0:00:04.180863
1365	4	4	1	0:00:04.188932
1366	4	4	1	0:00:04.167510
1367	4	4	1	0:00:04.187519
1368	4	4	1	0:00:04.175037
1369	4	4	1	0:00:04.174653
1370	4	4	1	0:00:04.199512
1371	4	4	1	0:00:04.158700
1372	4	4	1	0:00:04.178797
1373	4	4	1	0:00:04.174649
1374	4	4	1	0:00:04.189172
1375	4	4	1	0:00:04.180468
1376	4	4	1	0:00:04.216789
1377	4	4	1	0:00:04.185752
1378	4	4	1	0:00:04.173391
1379	4	4	1	0:00:04.180310
1380	4	4	1	0:00:04.166976
1381	4	4	1	0:00:04.176244
1382	4	4	1	0:00:04.211611
1383	4	4	1	0:00:04.191854
1384	4	4	1	0:00:04.206978
1385	4	4	1	0:00:04.216640
1386	4	4	1	0:00:04.231793
1387	4	4	1	0:00:04.232427
1388	4	4	1	0:00:04.241773
1389	4	4	1	0:00:04.248003
1390	4	4	1	0:00:04.235104
1391	4	4	1	0:00:04.189510
1392	4	4	1	0:00:04.194794
1393	4	4	1	0:00:04.180856
1394	4	4	1	0:00:04.200753
1395	4	4	1	0:00:04.181517
1396	3	3	1	0:00:04.210036
1397	3	3	1	0:00:04.160146
1398	3	3	1	0:00:04.165907
1399	3	3	1	0:00:04.163155
1400	3	3	1	0:00:04.159376
1401	3	3	1	0:00:04.170190
1402	3	3	1	0:00:04.157480
1403	3	3	1	0:00:04.183613
1404	3	3	1	0:00:04.163981
1405	3	4	0	0:00:04.159672
1406	3	4	0	0:00:04.160709
1407	3	4	0	0:00:04.170345
1408	3	4	0	0:00:04.161129
1409	3	3	1	0:00:04.158257
1410	3	3	1	0:00:04.159720
1411	3	4	0	0:00:04.161529
1412	3	4	0	0:00:04.163025
1413	3	4	0	0:00:04.161512
1414	3	4	0	0:00:04.158962
1415	3	3	1	0:00:04.187791
1416	3	3	1	0:00:04.142044
1417	3	3	1	0:00:04.143405
1418	3	3	1	0:00:04.144980
1419	5	5	1	0:00:04.159610
1420	5	5	1	0:00:04.173702
1421	5	5	1	0:00:04.155203
1422	5	5	1	0:00:04.157782
1423	5	5	1	0:00:04.191895
1424	5	5	1	0:00:04.292413
1425	5	5	1	0:00:04.338029
1426	5	5	1	0:00:04.241256
1427	5	5	1	0:00:04.265211
1428	5	5	1	0:00:04.496710
1429	5	5	1	0:00:04.392784
1430	5	5	1	0:00:04.497282
1431	5	5	1	0:00:04.390338
1432	5	5	1	0:00:04.449401
1433	5	5	1	0:00:04.422739
1434	5	5	1	0:00:04.392068
1435	5	5	1	0:00:04.366908
1436	5	5	1	0:00:04.379012
1437	5	5	1	0:00:04.372292
1438	5	5	1	0:00:04.350768
1439	5	5	1	0:00:04.358472
1440	5	5	1	0:00:04.357587
1441	5	5	1	0:00:04.452823
1442	5	5	1	0:00:04.401760
1443	5	5	1	0:00:04.384982
1444	5	5	1	0:00:04.384622
1445	5	5	1	0:00:04.370883
1446	5	5	1	0:00:04.369581
1447	5	5	1	0:00:04.468558
1448	5	5	1	0:00:04.398270
1449	5	5	1	0:00:04.388507
1450	5	5	1	0:00:04.371740
1451	5	5	1	0:00:04.377030
1452	0	2	0	0:00:04.378649
1453	0	0	1	0:00:04.350365
1454	0	0	1	0:00:04.341811
1455	0	0	1	0:00:04.337762
1456	0	0	1	0:00:04.345940
1457	0	0	1	0:00:04.350733
1458	0	0	1	0:00:04.334595
1459	0	0	1	0:00:04.373510
1460	0	0	1	0:00:04.369868
1461	0	0	1	0:00:04.371970
1462	0	0	1	0:00:04.384145
1463	0	0	1	0:00:04.368734
1464	0	0	1	0:00:04.382470
1465	0	0	1	0:00:04.387130
1466	0	0	1	0:00:04.410265
1467	0	0	1	0:00:04.509242
1468	0	0	1	0:00:04.403649
1469	0	0	1	0:00:04.385921
1470	0	0	1	0:00:04.383050
1471	0	0	1	0:00:04.392955
1472	0	0	1	0:00:04.387478
1473	0	0	1	0:00:04.350512
1474	0	0	1	0:00:04.392369
1475	2	0	0	0:00:04.380094
1476	2	0	0	0:00:04.375965
1477	2	2	1	0:00:04.376590
1478	2	0	0	0:00:04.371496
1479	2	0	0	0:00:04.356266
1480	2	0	0	0:00:04.376434
1481	2	2	1	0:00:04.363710
1482	2	2	1	0:00:05.417713
1483	2	2	1	0:00:05.381915
1484	2	0	0	0:00:05.336068
1485	2	0	0	0:00:05.360985
1486	2	0	0	0:00:05.350201
1487	2	0	0	0:00:05.341784
1488	2	2	1	0:00:04.414220
1489	2	2	1	0:00:04.390028
1490	2	2	1	0:00:04.369992
1491	2	2	1	0:00:04.353023
1492	2	0	0	0:00:04.383591
1493	2	0	0	0:00:04.383010
1494	2	2	1	0:00:04.339770
1495	2	0	0	0:00:04.337480
1496	1	2	0	0:00:04.330181
1497	1	0	0	0:00:04.320850
1498	1	0	0	0:00:04.326912
1499	1	0	0	0:00:04.342313
1500	1	0	0	0:00:04.334466
1501	1	0	0	0:00:04.315484
1502	1	1	1	0:00:04.326046
1503	1	0	0	0:00:04.318306
1504	1	1	1	0:00:04.319637
1505	1	0	0	0:00:04.309238
1506	1	0	0	0:00:04.329524
1507	1	0	0	0:00:04.320098
1508	1	0	0	0:00:04.310615
1509	1	0	0	0:00:04.316363
1510	1	0	0	0:00:04.320072
1511	1	0	0	0:00:04.316111
1512	1	1	1	0:00:04.314055
1513	1	0	0	0:00:04.319244
1514	1	0	0	0:00:04.318838
1515	1	0	0	0:00:04.320973
1516	1	0	0	0:00:04.328247
1517	1	0	0	0:00:04.322995
1518	1	0	0	0:00:04.313213
1519	1	0	0	0:00:04.301653
1520	1	0	0	0:00:04.320085
1521	4	4	1	0:00:04.320801
1522	4	4	1	0:00:04.310817
1523	4	4	1	0:00:04.315850
1524	4	4	1	0:00:04.320602
1525	4	4	1	0:00:04.321897
1526	4	4	1	0:00:04.338158
1527	4	4	1	0:00:04.359514
1528	4	4	1	0:00:04.361636
1529	4	4	1	0:00:04.333180
1530	4	4	1	0:00:04.302800
1531	4	4	1	0:00:04.321279
1532	4	4	1	0:00:04.312291
1533	4	4	1	0:00:04.304097
1534	4	4	1	0:00:04.323265
1535	4	4	1	0:00:04.319477
1536	4	4	1	0:00:04.314032
1537	4	4	1	0:00:04.326735
1538	4	4	1	0:00:04.329488
1539	4	4	1	0:00:04.325717
1540	4	4	1	0:00:04.319646
1541	4	4	1	0:00:04.327036
1542	4	4	1	0:00:04.323591
1543	4	4	1	0:00:04.302269
1544	4	4	1	0:00:04.308311
1545	4	4	1	0:00:04.316605
1546	4	4	1	0:00:04.316696
1547	4	4	1	0:00:04.313920
1548	3	3	1	0:00:04.315965
1549	3	3	1	0:00:04.344112
1550	3	3	1	0:00:04.305031
1551	3	3	1	0:00:04.316687
1552	3	3	1	0:00:04.311888
1553	3	3	1	0:00:04.344855
1554	3	3	1	0:00:04.271124
1555	3	3	1	0:00:04.263415
1556	3	3	1	0:00:04.269182
1557	3	3	1	0:00:04.263524
1558	3	3	1	0:00:04.274828
1559	3	3	1	0:00:04.263517
1560	3	3	1	0:00:04.263685
1561	3	3	1	0:00:04.262669
1562	3	4	0	0:00:04.261339
1563	3	4	0	0:00:04.258392
1564	3	4	0	0:00:04.258355
1565	3	4	0	0:00:04.260776
1566	3	4	0	0:00:04.261985
1567	3	4	0	0:00:04.280122
1568	3	4	0	0:00:04.262353
1569	3	4	0	0:00:04.256114
1570	3	4	0	0:00:04.259259
1571	3	4	0	0:00:04.256261
1572	5	5	1	0:00:04.257946
1573	5	5	1	0:00:04.254220
1574	5	5	1	0:00:04.256527
1575	5	5	1	0:00:04.267839
1576	5	5	1	0:00:04.261288
1577	5	5	1	0:00:04.268284
1578	5	5	1	0:00:04.270855
1579	5	5	1	0:00:04.275553
1580	5	5	1	0:00:04.282507
1581	5	5	1	0:00:04.276809
1582	5	5	1	0:00:04.308172
1583	5	5	1	0:00:04.279926
1584	5	5	1	0:00:04.263147
1585	5	5	1	0:00:04.302122
1586	5	5	1	0:00:04.308877
1587	5	5	1	0:00:04.288379
1588	5	5	1	0:00:04.264858
1589	5	5	1	0:00:04.264513
1590	5	5	1	0:00:04.266422
1591	5	5	1	0:00:04.268994
1592	5	5	1	0:00:04.265416
1593	5	5	1	0:00:04.271561
1594	5	5	1	0:00:04.278757
1595	5	5	1	0:00:04.272052
1596	5	5	1	0:00:04.265349
1597	5	5	1	0:00:04.269213
1598	5	5	1	0:00:04.268905
1599	5	5	1	0:00:04.264201
1600	5	5	1	0:00:04.264776
1601	5	5	1	0:00:04.279817
1602	5	5	1	0:00:04.285898
1603	5	5	1	0:00:04.273004
1604	5	5	1	0:00:04.319031
1605	0	2	0	0:00:04.299007
1606	0	2	0	0:00:04.267022
1607	0	0	1	0:00:04.270365
1608	0	0	1	0:00:04.288515
1609	0	0	1	0:00:04.369004
1610	0	0	1	0:00:04.315843
1611	0	0	1	0:00:04.263587
1612	0	0	1	0:00:04.265266
1613	0	0	1	0:00:04.262079
1614	0	0	1	0:00:04.261480
1615	0	0	1	0:00:04.255695
1616	0	0	1	0:00:04.257935
1617	0	0	1	0:00:04.260931
1618	0	0	1	0:00:04.263249
1619	0	0	1	0:00:04.265838
1620	0	0	1	0:00:04.262976
1621	0	0	1	0:00:04.267617
1622	0	0	1	0:00:04.272774
1623	0	0	1	0:00:04.258088
1624	0	0	1	0:00:04.264662
1625	0	0	1	0:00:04.259647
1626	0	0	1	0:00:04.261030
1627	0	0	1	0:00:04.253099
1628	0	0	1	0:00:04.255391
1629	0	0	1	0:00:04.263378
1630	0	0	1	0:00:04.257914
1631	0	0	1	0:00:04.257650
1632	0	0	1	0:00:04.249631
1633	0	0	1	0:00:04.254973
1634	0	0	1	0:00:04.263002
1635	2	0	0	0:00:04.262408
1636	2	0	0	0:00:04.260619
1637	2	2	1	0:00:04.259698
1638	2	0	0	0:00:04.265637
1639	2	0	0	0:00:04.257312
1640	2	0	0	0:00:04.253531
1641	2	0	0	0:00:04.249371
1642	2	0	0	0:00:04.250588
1643	2	0	0	0:00:04.245895
1644	2	1	0	0:00:04.282624
1645	2	0	0	0:00:04.290751
1646	2	0	0	0:00:04.251191
1647	2	0	0	0:00:04.254796
1648	2	0	0	0:00:04.262820
1649	2	0	0	0:00:04.269165
1650	2	0	0	0:00:04.276203
1651	2	1	0	0:00:04.267478
1652	2	0	0	0:00:04.258066
1653	2	2	1	0:00:04.256068
1654	2	2	1	0:00:04.260447
1655	2	0	0	0:00:04.252805
1656	2	0	0	0:00:04.263992
1657	2	0	0	0:00:04.258436
1658	2	0	0	0:00:04.254844
1659	2	0	0	0:00:04.256234
1660	2	0	0	0:00:04.264108
1661	2	0	0	0:00:04.286340
1662	1	1	1	0:00:04.246749
1663	1	1	1	0:00:04.254241
1664	1	4	0	0:00:04.254035
1665	1	0	0	0:00:04.249987
1666	1	0	0	0:00:04.266209
1667	1	0	0	0:00:04.246014
1668	1	0	0	0:00:04.244712
1669	1	4	0	0:00:04.241724
1670	1	0	0	0:00:04.255010
1671	1	1	1	0:00:04.245146
1672	1	4	0	0:00:04.248155
1673	1	1	1	0:00:04.246272
1674	1	0	0	0:00:04.258333
1675	1	4	0	0:00:04.255815
1676	1	1	1	0:00:04.254290
1677	1	0	0	0:00:04.257764
1678	1	0	0	0:00:04.266966
1679	1	0	0	0:00:04.271817
1680	1	1	1	0:00:04.270657
1681	1	1	1	0:00:04.271937
1682	1	0	0	0:00:04.274970
1683	1	1	1	0:00:04.270516
1684	1	0	0	0:00:04.261542
1685	1	0	0	0:00:04.417029
1686	1	1	1	0:00:04.350572
1687	1	0	0	0:00:04.332751
1688	1	0	0	0:00:04.319854
1689	1	0	0	0:00:04.324108
1690	1	0	0	0:00:04.324713
1691	1	1	1	0:00:04.320633
1692	1	0	0	0:00:04.334621
1693	4	4	1	0:00:04.351772
1694	4	4	1	0:00:04.366710
1695	4	4	1	0:00:04.349370
1696	4	4	1	0:00:04.349222
1697	4	4	1	0:00:04.347922
1698	4	4	1	0:00:04.347303
1699	4	4	1	0:00:04.344150
1700	4	4	1	0:00:04.354242
1701	4	4	1	0:00:04.345209
1702	4	4	1	0:00:04.349319
1703	4	4	1	0:00:04.450536
1704	4	4	1	0:00:04.387175
1705	4	4	1	0:00:04.376975
1706	4	4	1	0:00:04.389242
1707	4	4	1	0:00:04.382668
1708	4	4	1	0:00:04.364679
1709	4	4	1	0:00:04.371181
1710	4	4	1	0:00:04.375792
1711	4	4	1	0:00:04.394498
1712	4	4	1	0:00:04.421086
1713	4	4	1	0:00:04.395285
1714	4	4	1	0:00:04.373441
1715	4	4	1	0:00:04.358458
1716	4	4	1	0:00:04.353508
1717	4	4	1	0:00:04.350657
1718	4	4	1	0:00:04.353457
1719	4	4	1	0:00:04.356674
1720	4	4	1	0:00:04.354484
1721	4	4	1	0:00:04.334031
1722	4	4	1	0:00:04.339295
1723	3	3	1	0:00:04.335487
1724	3	3	1	0:00:04.336213
1725	3	3	1	0:00:04.339065
1726	3	3	1	0:00:04.338950
1727	3	3	1	0:00:04.478154
1728	3	3	1	0:00:05.114904
1729	3	3	1	0:00:04.955505
1730	3	3	1	0:00:04.327266
1731	3	3	1	0:00:04.329111
1732	3	3	1	0:00:04.331442
1733	3	3	1	0:00:04.351181
1734	3	3	1	0:00:04.357288
1735	3	3	1	0:00:04.350347
1736	3	3	1	0:00:04.366419
1737	3	3	1	0:00:04.347422
1738	3	3	1	0:00:04.346243
1739	3	3	1	0:00:04.347907
1740	3	3	1	0:00:04.355656
1741	3	3	1	0:00:04.344806
1742	3	3	1	0:00:04.335290
1743	3	3	1	0:00:04.332992
1744	3	3	1	0:00:04.335869
1745	3	3	1	0:00:04.332483
1746	3	3	1	0:00:04.336308
1747	3	3	1	0:00:04.342651
1748	5	5	1	0:00:04.337732
1749	5	5	1	0:00:04.343278
1750	5	5	1	0:00:04.336892
1751	5	5	1	0:00:04.300498
1752	5	5	1	0:00:04.317191
1753	5	5	1	0:00:04.325412
1754	5	5	1	0:00:04.293870
1755	5	5	1	0:00:04.303875
1756	5	5	1	0:00:04.299652
1757	5	5	1	0:00:04.309327
1758	5	5	1	0:00:04.299692
1759	5	5	1	0:00:04.296846
1760	5	5	1	0:00:04.301470
1761	5	5	1	0:00:04.310430
1762	5	5	1	0:00:04.316528
1763	5	5	1	0:00:04.312449
1764	5	5	1	0:00:04.305607
1765	5	5	1	0:00:04.303101
1766	5	5	1	0:00:04.325213
1767	5	5	1	0:00:04.352451
1768	5	5	1	0:00:04.347717
1769	5	5	1	0:00:04.348083
1770	5	5	1	0:00:04.346422
1771	5	5	1	0:00:04.348967
1772	5	5	1	0:00:04.354817
1773	5	5	1	0:00:04.353867
1774	5	5	1	0:00:04.351211
1775	5	5	1	0:00:04.357458
1776	5	5	1	0:00:04.347888
1777	0	0	1	0:00:04.350015
1778	0	0	1	0:00:04.433141
1779	0	0	1	0:00:04.379158
1780	0	0	1	0:00:04.357201
1781	0	0	1	0:00:04.447165
1782	0	0	1	0:00:04.403956
1783	0	0	1	0:00:04.346049
1784	0	0	1	0:00:04.341622
1785	0	0	1	0:00:04.333205
1786	0	0	1	0:00:04.328271
1787	0	0	1	0:00:04.314242
1788	0	0	1	0:00:04.356208
1789	0	0	1	0:00:04.334263
1790	0	0	1	0:00:04.314139
1791	0	0	1	0:00:04.321241
1792	0	0	1	0:00:04.327170
1793	0	0	1	0:00:04.319288
1794	0	0	1	0:00:04.316045
1795	0	0	1	0:00:04.316743
1796	0	0	1	0:00:04.320426
1797	0	0	1	0:00:04.307463
1798	0	0	1	0:00:04.324102
1799	0	0	1	0:00:04.321309
1800	0	0	1	0:00:04.320746
1801	0	0	1	0:00:04.315211
1802	0	1	0	0:00:04.343105
1803	0	0	1	0:00:04.331150
1804	2	0	0	0:00:04.328708
1805	2	0	0	0:00:04.319199
1806	2	0	0	0:00:04.315197
1807	2	0	0	0:00:04.312990
1808	2	0	0	0:00:04.308239
1809	2	2	1	0:00:04.311291
1810	2	2	1	0:00:04.314456
1811	2	2	1	0:00:04.309196
1812	2	2	1	0:00:04.315095
1813	2	2	1	0:00:04.318902
1814	2	2	1	0:00:04.314880
1815	2	0	0	0:00:04.311644
1816	2	0	0	0:00:04.325184
1817	2	2	1	0:00:04.316268
1818	2	2	1	0:00:04.301201
1819	2	2	1	0:00:04.303456
1820	2	0	0	0:00:04.310006
1821	2	0	0	0:00:04.311674
1822	2	0	0	0:00:04.300946
1823	2	2	1	0:00:04.326032
1824	1	1	1	0:00:04.304445
1825	1	0	0	0:00:04.310453
1826	1	1	1	0:00:04.310146
1827	1	1	1	0:00:04.318244
1828	1	1	1	0:00:04.306947
1829	1	0	0	0:00:04.319022
1830	1	1	1	0:00:04.321144
1831	1	1	1	0:00:04.316753
1832	1	1	1	0:00:04.301418
1833	1	0	0	0:00:04.312469
1834	1	1	1	0:00:04.301825
1835	1	1	1	0:00:04.302241
1836	1	0	0	0:00:04.305892
1837	1	0	0	0:00:04.304894
1838	1	1	1	0:00:04.316021
1839	1	1	1	0:00:04.317889
1840	1	1	1	0:00:04.322845
1841	1	0	0	0:00:04.325005
1842	1	1	1	0:00:04.322635
1843	1	1	1	0:00:04.335775
1844	1	0	0	0:00:04.331453
1845	1	0	0	0:00:04.330056
1846	1	1	1	0:00:04.315129
1847	1	1	1	0:00:04.324502
1848	4	4	1	0:00:04.320092
1849	4	4	1	0:00:04.320474
1850	4	4	1	0:00:04.322069
1851	4	4	1	0:00:04.323757
1852	4	4	1	0:00:04.327680
1853	4	4	1	0:00:04.316625
1854	4	4	1	0:00:04.327379
1855	4	4	1	0:00:04.327171
1856	4	4	1	0:00:04.321023
1857	4	4	1	0:00:04.331552
1858	4	4	1	0:00:04.333822
1859	4	4	1	0:00:04.330096
1860	4	4	1	0:00:04.325398
1861	4	4	1	0:00:04.334151
1862	4	4	1	0:00:04.328630
1863	4	4	1	0:00:04.331796
1864	4	4	1	0:00:04.357450
1865	4	4	1	0:00:04.361945
1866	4	4	1	0:00:04.355690
1867	4	4	1	0:00:04.351141
1868	4	4	1	0:00:04.365293
1869	4	4	1	0:00:04.363431
1870	4	4	1	0:00:04.343916
1871	4	4	1	0:00:04.359360
1872	4	4	1	0:00:04.365729
1873	4	4	1	0:00:04.349458
1874	4	4	1	0:00:05.096513
1875	4	4	1	0:00:04.431506
1876	4	4	1	0:00:04.393233
1877	4	4	1	0:00:04.341857
1878	4	4	1	0:00:04.555874
1879	4	4	1	0:00:04.431580
1880	4	4	1	0:00:04.409110
1881	4	4	1	0:00:04.415510
1882	4	4	1	0:00:04.395659
1883	4	4	1	0:00:04.394928
1884	4	4	1	0:00:04.393393
1885	4	4	1	0:00:04.398595
1886	4	4	1	0:00:04.393713
1887	4	4	1	0:00:04.383206
1888	3	3	1	0:00:04.396718
1889	3	3	1	0:00:04.372603
1890	3	3	1	0:00:04.389510
1891	3	3	1	0:00:04.404434
1892	3	3	1	0:00:04.391360
1893	3	3	1	0:00:04.386795
1894	3	3	1	0:00:04.376347
1895	3	3	1	0:00:04.399657
1896	3	3	1	0:00:04.392683
1897	3	3	1	0:00:04.400065
1898	3	3	1	0:00:04.394489
1899	3	3	1	0:00:04.398322
1900	3	3	1	0:00:04.378100
1901	3	3	1	0:00:04.376626
1902	3	3	1	0:00:04.369418
1903	3	3	1	0:00:04.372474
1904	3	3	1	0:00:04.372841
1905	3	3	1	0:00:04.366029
1906	3	3	1	0:00:04.378875
1907	3	3	1	0:00:04.375425
1908	3	3	1	0:00:04.381594
1909	3	3	1	0:00:04.401585
1910	3	3	1	0:00:04.391770
1911	3	3	1	0:00:04.391359
1912	3	3	1	0:00:04.389762
1913	3	3	1	0:00:04.382661
1914	3	3	1	0:00:04.365053
1915	3	3	1	0:00:04.361893
1916	3	3	1	0:00:04.446500
1917	3	3	1	0:00:04.364312
1918	5	5	1	0:00:04.361872
1919	5	5	1	0:00:04.368185
1920	5	5	1	0:00:04.369210
1921	5	5	1	0:00:04.379371
1922	5	5	1	0:00:04.362809
1923	5	5	1	0:00:04.363350
1924	5	5	1	0:00:04.379864
1925	5	5	1	0:00:04.358613
1926	5	5	1	0:00:04.366302
1927	5	5	1	0:00:04.356478
1928	5	5	1	0:00:04.352758
1929	5	5	1	0:00:04.362112
1930	5	5	1	0:00:04.426420
1931	5	5	1	0:00:04.348370
1932	5	5	1	0:00:04.340021
1933	5	5	1	0:00:04.339456
1934	5	5	1	0:00:04.349106
1935	5	5	1	0:00:04.363087
1936	5	5	1	0:00:04.378085
1937	5	5	1	0:00:04.363697
1938	5	5	1	0:00:04.376198
1939	5	5	1	0:00:04.353981
1940	5	5	1	0:00:04.358228
1941	5	5	1	0:00:04.354091
1942	5	5	1	0:00:04.351313
1943	5	5	1	0:00:04.459465
1944	5	5	1	0:00:04.354798
1945	5	5	1	0:00:04.357494
1946	5	5	1	0:00:04.355230
1947	5	5	1	0:00:04.355706
1948	5	5	1	0:00:04.357552
1949	5	5	1	0:00:04.358483
1950	0	0	1	0:00:04.363019
1951	0	0	1	0:00:04.418587
1952	0	4	0	0:00:05.242537
1953	0	0	1	0:00:05.407274
1954	0	0	1	0:00:04.496178
1955	0	0	1	0:00:04.382541
1956	0	0	1	0:00:04.387637
1957	0	0	1	0:00:04.394140
1958	0	4	0	0:00:04.434068
1959	0	0	1	0:00:04.496164
1960	0	0	1	0:00:04.491126
1961	0	4	0	0:00:04.423186
1962	0	0	1	0:00:04.397648
1963	0	4	0	0:00:04.444657
1964	0	4	0	0:00:04.545468
1965	0	0	1	0:00:05.441722
1966	0	4	0	0:00:05.386069
1967	0	0	1	0:00:05.340216
1968	0	0	1	0:00:05.335020
1969	0	0	1	0:00:05.348938
1970	0	4	0	0:00:05.316053
1971	0	4	0	0:00:05.334017
1972	0	0	1	0:00:05.321883
1973	0	0	1	0:00:05.313609
1974	0	0	1	0:00:05.307763
1975	0	0	1	0:00:05.317692
1976	0	0	1	0:00:05.343214
1977	0	0	1	0:00:05.391116
1978	0	4	0	0:00:05.554457
1979	2	0	0	0:00:05.358896
1980	2	4	0	0:00:05.307415
1981	2	0	0	0:00:05.303731
1982	2	2	1	0:00:05.319712
1983	2	0	0	0:00:05.315497
1984	2	0	0	0:00:05.334764
1985	2	0	0	0:00:05.324677
1986	2	2	1	0:00:05.348622
1987	2	2	1	0:00:05.316909
1988	2	0	0	0:00:05.319222
1989	1	4	0	0:00:05.316434
1990	1	0	0	0:00:05.328668
1991	1	1	1	0:00:05.625875
1992	1	1	1	0:00:05.728501
1993	1	1	1	0:00:05.332121
1994	1	0	0	0:00:05.325010
1995	1	1	1	0:00:05.347581
1996	1	1	1	0:00:05.350780
1997	1	1	1	0:00:05.385701
1998	1	1	1	0:00:05.363511
1999	2	0	0	0:00:05.407375
2000	2	4	0	0:00:05.401944
2001	2	2	1	0:00:05.426486
2002	2	0	0	0:00:05.357359
2003	2	0	0	0:00:05.373508
2004	2	2	1	0:00:05.348183
2005	2	0	0	0:00:05.347701
2006	2	2	1	0:00:05.335430
2007	2	4	0	0:00:05.331462
2008	1	4	0	0:00:05.332359
2009	1	4	0	0:00:05.359622
2010	1	0	0	0:00:05.343479
2011	1	1	1	0:00:05.345429
2012	1	1	1	0:00:05.327775
2013	1	0	0	0:00:05.348738
2014	1	0	0	0:00:05.334141
2015	1	1	1	0:00:05.402486
2016	1	1	1	0:00:05.345324
2017	2	0	0	0:00:05.325150
2018	2	4	0	0:00:05.320422
2019	2	2	1	0:00:05.343168
2020	2	0	0	0:00:05.327779
2021	2	0	0	0:00:05.333339
2022	2	0	0	0:00:05.323201
2023	2	0	0	0:00:05.335867
2024	2	2	1	0:00:05.320336
2025	2	5	0	0:00:05.319531
2026	1	0	0	0:00:05.345535
2027	1	4	0	0:00:05.322547
2028	1	4	0	0:00:05.357699
2029	1	1	1	0:00:05.310809
2030	1	1	1	0:00:05.326202
2031	1	0	0	0:00:05.404248
2032	1	0	0	0:00:05.326483
2033	1	1	1	0:00:05.322088
2034	1	1	1	0:00:05.327943
2035	1	1	1	0:00:05.329228
2036	4	4	1	0:00:05.332627
2037	4	4	1	0:00:05.332622
2038	4	4	1	0:00:05.329506
2039	4	4	1	0:00:05.341154
2040	4	4	1	0:00:05.340235
2041	4	4	1	0:00:05.324529
2042	4	4	1	0:00:05.335632
2043	4	4	1	0:00:05.328357
2044	4	4	1	0:00:05.333717
2045	4	4	1	0:00:05.328454
2046	4	4	1	0:00:05.377475
2047	4	4	1	0:00:05.340987
2048	4	4	1	0:00:05.322696
2049	4	4	1	0:00:05.360380
2050	4	4	1	0:00:05.318386
2051	4	4	1	0:00:05.328332
2052	4	4	1	0:00:05.323954
2053	4	4	1	0:00:05.345229
2054	4	4	1	0:00:05.316475
2055	4	4	1	0:00:05.322491
2056	4	4	1	0:00:05.326784
2057	4	4	1	0:00:05.352508
2058	4	4	1	0:00:05.328140
2059	4	4	1	0:00:05.333087
2060	4	4	1	0:00:05.335638
2061	4	4	1	0:00:05.330031
2062	4	4	1	0:00:05.325947
2063	4	4	1	0:00:05.323385
2064	4	4	1	0:00:05.327712
2065	4	4	1	0:00:05.328852
2066	4	4	1	0:00:05.323988
2067	4	4	1	0:00:05.321338
2068	4	4	1	0:00:05.324222
2069	3	3	1	0:00:05.321299
2070	3	3	1	0:00:05.333308
2071	3	3	1	0:00:05.322155
2072	3	3	1	0:00:05.321758
2073	3	3	1	0:00:05.327796
2074	3	3	1	0:00:05.336366
2075	3	3	1	0:00:05.336217
2076	3	3	1	0:00:05.330303
2077	3	3	1	0:00:05.325161
2078	3	3	1	0:00:05.332401
2079	3	3	1	0:00:05.343941
2080	3	3	1	0:00:04.718243
2081	3	3	1	0:00:04.448478
2082	3	4	0	0:00:04.359525
2083	3	4	0	0:00:04.340456
2084	3	4	0	0:00:04.336655
2085	3	4	0	0:00:04.422708
2086	3	4	0	0:00:04.785968
2087	3	4	0	0:00:04.806971
2088	3	4	0	0:00:04.635081
2089	3	4	0	0:00:04.368239
2090	3	4	0	0:00:04.356344
2091	3	4	0	0:00:04.351759
2092	3	4	0	0:00:04.341988
2093	3	4	0	0:00:04.346858
2094	3	4	0	0:00:04.355201
2095	3	4	0	0:00:04.354106
2096	5	5	1	0:00:04.357055
2097	5	5	1	0:00:04.347518
2098	5	5	1	0:00:04.348271
2099	5	5	1	0:00:04.359488
2100	5	5	1	0:00:04.353121
2101	5	5	1	0:00:04.336850
2102	5	5	1	0:00:04.349473
2103	5	5	1	0:00:04.348100
2104	5	5	1	0:00:04.339311
2105	5	5	1	0:00:04.335037
2106	5	5	1	0:00:04.332824
2107	5	5	1	0:00:04.337985
2108	5	5	1	0:00:04.335010
2109	5	5	1	0:00:04.880137
2110	5	5	1	0:00:04.970134
2111	5	5	1	0:00:04.504922
2112	5	5	1	0:00:04.342821
2113	5	5	1	0:00:04.349577
2114	5	5	1	0:00:04.344037
2115	5	5	1	0:00:04.341558
2116	5	5	1	0:00:04.342968
2117	5	5	1	0:00:04.343785
2118	5	5	1	0:00:04.350462
2119	5	5	1	0:00:04.345167
2120	5	5	1	0:00:04.351272
2121	5	5	1	0:00:04.351057
2122	5	5	1	0:00:04.362238
2123	5	5	1	0:00:04.391826
2124	5	5	1	0:00:04.365616
2125	5	5	1	0:00:04.355478
2126	5	5	1	0:00:04.366255
2127	5	5	1	0:00:04.405112
2128	5	5	1	0:00:04.362041
2129	0	0	1	0:00:04.377892
2130	0	0	1	0:00:04.348915
2131	0	0	1	0:00:04.377530
2132	0	0	1	0:00:04.349097
2133	0	0	1	0:00:04.341195
2134	0	0	1	0:00:04.345001
2135	0	0	1	0:00:04.345967
2136	0	0	1	0:00:04.354393
2137	0	0	1	0:00:04.354576
2138	0	0	1	0:00:04.355985
2139	0	0	1	0:00:04.490231
2140	0	0	1	0:00:04.824246
2141	0	0	1	0:00:04.831378
2142	0	0	1	0:00:04.805167
2143	0	0	1	0:00:04.765967
2144	0	0	1	0:00:04.364592
2145	0	0	1	0:00:04.375065
2146	0	0	1	0:00:04.374669
2147	0	0	1	0:00:04.369038
2148	0	0	1	0:00:04.371033
2149	0	0	1	0:00:04.373600
2150	0	0	1	0:00:04.374047
2151	0	0	1	0:00:04.368806
2152	0	0	1	0:00:04.367555
2153	0	0	1	0:00:04.360435
2154	0	0	1	0:00:04.360972
2155	0	0	1	0:00:04.355015
2156	2	0	0	0:00:04.360491
2157	2	0	0	0:00:04.355353
2158	2	2	1	0:00:04.353859
2159	2	0	0	0:00:04.361013
2160	2	0	0	0:00:04.348522
2161	2	0	0	0:00:04.625786
2162	2	0	0	0:00:04.817794
2163	2	1	0	0:00:04.461549
2164	2	0	0	0:00:04.337580
2165	2	0	0	0:00:04.353760
2166	2	0	0	0:00:04.359944
2167	2	2	1	0:00:04.355097
2168	2	2	1	0:00:04.342898
2169	2	0	0	0:00:04.340870
2170	2	4	0	0:00:04.337471
2171	2	0	0	0:00:04.342195
2172	2	2	1	0:00:04.337249
2173	2	0	0	0:00:04.345194
2174	1	1	1	0:00:04.345457
2175	1	0	0	0:00:04.341316
2176	1	1	1	0:00:04.343756
2177	1	1	1	0:00:04.342648
2178	1	0	0	0:00:04.350208
2179	1	0	0	0:00:04.306510
2180	1	0	0	0:00:04.301101
2181	1	1	1	0:00:04.303820
2182	1	1	1	0:00:04.295990
2183	1	1	1	0:00:04.304804
2184	1	4	0	0:00:04.298255
2185	1	0	0	0:00:04.309366
2186	1	1	1	0:00:04.305530
2187	1	1	1	0:00:04.306641
2188	1	1	1	0:00:04.300808
2189	1	0	0	0:00:04.296173
2190	1	1	1	0:00:04.317090
2191	1	1	1	0:00:04.301243
2192	1	1	1	0:00:04.296663
2193	1	0	0	0:00:04.302035
2194	1	1	1	0:00:04.307792
2195	1	0	0	0:00:04.311203
2196	1	1	1	0:00:04.305887
2197	1	0	0	0:00:04.310489
2198	1	0	0	0:00:04.312531
2199	1	0	0	0:00:04.311441
2200	1	1	1	0:00:04.308727
2201	1	1	1	0:00:04.314556
2202	1	1	1	0:00:04.319063
2203	2	0	0	0:00:04.315379
2204	2	4	0	0:00:04.310740
2205	2	2	1	0:00:04.315200
2206	2	2	1	0:00:04.305038
2207	2	0	0	0:00:04.302180
2208	2	0	0	0:00:04.318635
2209	2	0	0	0:00:04.309204
2210	2	2	1	0:00:04.310230
2211	2	0	0	0:00:04.317307
2212	4	4	1	0:00:04.315337
2213	4	4	1	0:00:04.309335
2214	4	4	1	0:00:04.308203
2215	4	4	1	0:00:04.296383
2216	4	4	1	0:00:04.302174
2217	4	4	1	0:00:04.295933
2218	4	4	1	0:00:04.301004
2219	4	4	1	0:00:04.333559
2220	4	4	1	0:00:04.289562
2221	4	4	1	0:00:04.403256
2222	4	4	1	0:00:04.424414
2223	4	4	1	0:00:04.367331
2224	4	4	1	0:00:04.342027
2225	4	4	1	0:00:04.346596
2226	4	4	1	0:00:04.347852
2227	4	4	1	0:00:04.333513
2228	4	4	1	0:00:04.337133
2229	4	4	1	0:00:04.340093
2230	4	4	1	0:00:04.581086
2231	4	4	1	0:00:04.374591
2232	4	4	1	0:00:04.365946
2233	4	4	1	0:00:04.359073
2234	4	4	1	0:00:04.351335
2235	4	4	1	0:00:04.358308
2236	4	4	1	0:00:04.354332
2237	4	4	1	0:00:04.363514
2238	4	4	1	0:00:04.356705
2239	4	4	1	0:00:04.356664
2240	4	4	1	0:00:04.352157
2241	4	4	1	0:00:04.378373
2242	4	4	1	0:00:04.336367
2243	4	4	1	0:00:04.338280
2244	4	4	1	0:00:04.330750
2245	4	4	1	0:00:04.364478
2246	4	4	1	0:00:04.363466
2247	4	4	1	0:00:04.353604
2248	4	4	1	0:00:04.340189
2249	4	4	1	0:00:04.343871
2250	3	3	1	0:00:04.328036
2251	3	3	1	0:00:04.334305
2252	3	3	1	0:00:04.333123
2253	3	3	1	0:00:04.331660
2254	3	3	1	0:00:04.315648
2255	3	3	1	0:00:04.330862
2256	3	3	1	0:00:04.327680
2257	3	3	1	0:00:04.330944
2258	3	3	1	0:00:04.327743
2259	3	3	1	0:00:04.331279
2260	3	3	1	0:00:04.329970
2261	3	3	1	0:00:04.334845
2262	3	3	1	0:00:04.336058
2263	3	3	1	0:00:04.333431
2264	3	3	1	0:00:04.333601
2265	3	3	1	0:00:04.337900
2266	3	3	1	0:00:04.338346
2267	3	3	1	0:00:04.338579
2268	3	3	1	0:00:04.341124
2269	3	3	1	0:00:04.335357
2270	3	3	1	0:00:04.342821
2271	3	3	1	0:00:04.335857
2272	3	3	1	0:00:04.333473
2273	3	3	1	0:00:04.332750
2274	3	3	1	0:00:04.335113
2275	3	3	1	0:00:04.346282
2276	3	3	1	0:00:04.345430
2277	3	3	1	0:00:04.345149
2278	3	4	0	0:00:04.339650
2279	3	3	1	0:00:04.335731
2280	3	3	1	0:00:04.340618
2281	3	3	1	0:00:04.340522
2282	3	3	1	0:00:04.353567
2283	3	3	1	0:00:04.356623
2284	3	3	1	0:00:04.366353
2285	3	3	1	0:00:04.357965
2286	5	5	1	0:00:04.352483
2287	5	5	1	0:00:04.353668
2288	5	5	1	0:00:04.335844
2289	5	5	1	0:00:04.331589
2290	5	5	1	0:00:04.329919
2291	5	5	1	0:00:04.331771
2292	5	5	1	0:00:04.324581
2293	5	5	1	0:00:04.327984
2294	5	5	1	0:00:04.333169
2295	5	5	1	0:00:04.338673
2296	5	5	1	0:00:04.331450
2297	5	5	1	0:00:05.102430
2298	5	5	1	0:00:05.380952
2299	5	5	1	0:00:05.357433
2300	5	5	1	0:00:05.367524
2301	5	5	1	0:00:05.394562
2302	5	5	1	0:00:05.348712
2303	5	5	1	0:00:05.341851
2304	5	5	1	0:00:05.328828
2305	5	5	1	0:00:05.331199
2306	5	5	1	0:00:05.330627
2307	5	5	1	0:00:05.337490
2308	5	5	1	0:00:05.338898
2309	5	5	1	0:00:05.326159
2310	5	5	1	0:00:05.323441
2311	5	5	1	0:00:05.331841
2312	5	5	1	0:00:05.348171
2313	5	5	1	0:00:05.330189
2314	5	5	1	0:00:05.333906
2315	5	5	1	0:00:05.337237
2316	5	5	1	0:00:05.330169
2317	0	0	1	0:00:05.334484
2318	0	0	1	0:00:05.350342
2319	0	0	1	0:00:04.844046
2320	0	0	1	0:00:04.312946
2321	0	0	1	0:00:04.273413
2322	0	0	1	0:00:04.307904
2323	0	0	1	0:00:04.312071
2324	0	0	1	0:00:04.317088
2325	0	0	1	0:00:04.328108
2326	0	0	1	0:00:04.309670
2327	0	0	1	0:00:04.314592
2328	0	1	0	0:00:04.317222
2329	0	0	1	0:00:04.311868
2330	0	0	1	0:00:04.302730
2331	0	0	1	0:00:04.300756
2332	0	0	1	0:00:04.306059
2333	0	0	1	0:00:04.302770
2334	0	0	1	0:00:04.313168
2335	0	0	1	0:00:04.303279
2336	0	0	1	0:00:04.300914
2337	0	0	1	0:00:04.299052
2338	0	0	1	0:00:04.301592
2339	0	0	1	0:00:04.307995
2340	0	0	1	0:00:04.302100
2341	0	0	1	0:00:04.302081
2342	0	0	1	0:00:04.362823
2343	0	0	1	0:00:04.407211
2344	2	0	0	0:00:04.385759
2345	2	0	0	0:00:04.363332
2346	2	0	0	0:00:04.355688
2347	2	0	0	0:00:04.358783
2348	2	0	0	0:00:04.355947
2349	2	0	0	0:00:04.346915
2350	2	0	0	0:00:04.343119
2351	2	0	0	0:00:04.334541
2352	2	0	0	0:00:04.342839
2353	2	0	0	0:00:04.343341
2354	2	0	0	0:00:04.338912
2355	2	0	0	0:00:04.338099
2356	2	0	0	0:00:04.334614
2357	2	2	1	0:00:04.333759
2358	2	0	0	0:00:04.339881
2359	2	0	0	0:00:04.327148
2360	2	2	1	0:00:04.331474
2361	2	0	0	0:00:04.330728
2362	2	0	0	0:00:04.331001
2363	2	0	0	0:00:04.325569
2364	2	2	1	0:00:04.332576
2365	2	0	0	0:00:04.330091
2366	1	0	0	0:00:04.328232
2367	1	0	0	0:00:04.326838
2368	1	1	1	0:00:04.333881
2369	1	0	0	0:00:04.332362
2370	1	0	0	0:00:04.329521
2371	1	0	0	0:00:04.325196
2372	1	1	1	0:00:04.335637
2373	1	0	0	0:00:04.331832
2374	1	0	0	0:00:04.333290
2375	1	0	0	0:00:04.326410
2376	1	0	0	0:00:04.347460
2377	1	0	0	0:00:04.331574
2378	1	0	0	0:00:04.345557
2379	1	0	0	0:00:04.354105
2380	1	0	0	0:00:04.335789
2381	1	1	1	0:00:04.338805
2382	1	1	1	0:00:04.371704
2383	1	0	0	0:00:04.448712
2384	1	1	1	0:00:04.394529
2385	1	1	1	0:00:04.372127
2386	1	1	1	0:00:04.388522
2387	1	1	1	0:00:04.404305
2388	1	0	0	0:00:04.513416
2389	1	0	0	0:00:04.443848
2390	1	1	1	0:00:04.425724
2391	1	2	0	0:00:04.394895
2392	4	4	1	0:00:04.367791
2393	4	4	1	0:00:04.359057
2394	4	4	1	0:00:04.357930
2395	4	4	1	0:00:04.358278
2396	4	4	1	0:00:04.361858
2397	4	4	1	0:00:04.361065
2398	4	4	1	0:00:04.353116
2399	4	4	1	0:00:04.358558
2400	4	4	1	0:00:04.366020
2401	4	4	1	0:00:04.356395
2402	4	4	1	0:00:04.354831
2403	4	4	1	0:00:04.359357
2404	4	4	1	0:00:04.357403
2405	4	4	1	0:00:04.351532
2406	4	4	1	0:00:04.359618
2407	4	0	0	0:00:04.365690
2408	4	0	0	0:00:04.363693
2409	4	4	1	0:00:04.365787
2410	4	4	1	0:00:04.371506
2411	4	4	1	0:00:04.376368
2412	4	4	1	0:00:04.362357
2413	4	4	1	0:00:04.362817
2414	4	4	1	0:00:04.369550
2415	4	4	1	0:00:04.372749
2416	4	4	1	0:00:04.361928
2417	4	4	1	0:00:04.366043
2418	4	4	1	0:00:04.374670
2419	4	4	1	0:00:04.367247
2420	4	4	1	0:00:04.381867
2421	4	4	1	0:00:04.370147
2422	4	4	1	0:00:04.366335
2423	4	4	1	0:00:04.361865
2424	4	4	1	0:00:04.368492
2425	4	4	1	0:00:04.376784
2426	4	4	1	0:00:04.379068
2427	3	3	1	0:00:04.375652
2428	3	3	1	0:00:04.366266
2429	3	3	1	0:00:04.364264
2430	3	3	1	0:00:04.363008
2431	3	3	1	0:00:04.365944
2432	3	3	1	0:00:04.380540
2433	3	3	1	0:00:04.344636
2434	3	3	1	0:00:04.330531
2435	3	3	1	0:00:04.335213
2436	3	3	1	0:00:04.460322
2437	3	3	1	0:00:04.424153
2438	3	3	1	0:00:04.394599
2439	3	3	1	0:00:04.428656
2440	3	3	1	0:00:04.393322
2441	3	4	0	0:00:04.377834
2442	3	4	0	0:00:04.366910
2443	3	4	0	0:00:04.362735
2444	3	3	1	0:00:04.362284
2445	3	3	1	0:00:04.360907
2446	3	3	1	0:00:04.351197
2447	3	4	0	0:00:04.351856
2448	3	4	0	0:00:04.357623
2449	3	3	1	0:00:04.352627
2450	3	4	0	0:00:04.349943
2451	3	4	0	0:00:04.351388
2452	3	4	0	0:00:04.350526
2453	3	4	0	0:00:04.350530
2454	3	4	0	0:00:04.351319
2455	3	4	0	0:00:04.340274
2456	3	4	0	0:00:04.342712
2457	5	5	1	0:00:04.339810
2458	5	5	1	0:00:04.338991
2459	5	5	1	0:00:04.341098
2460	5	5	1	0:00:04.338304
2461	5	5	1	0:00:04.345379
2462	5	5	1	0:00:04.348320
2463	5	5	1	0:00:04.371640
2464	5	5	1	0:00:04.359892
2465	5	5	1	0:00:04.358840
2466	5	5	1	0:00:04.362608
2467	5	5	1	0:00:04.344337
2468	5	5	1	0:00:04.360344
2469	5	5	1	0:00:04.348716
2470	5	5	1	0:00:04.346106
2471	5	5	1	0:00:04.348764
2472	5	5	1	0:00:04.357902
2473	5	5	1	0:00:04.346052
2474	5	5	1	0:00:04.361677
2475	5	5	1	0:00:04.361745
2476	5	5	1	0:00:04.359431
2477	5	5	1	0:00:04.358860
2478	5	5	1	0:00:04.365401
2479	5	5	1	0:00:04.362913
2480	5	5	1	0:00:04.354958
2481	5	5	1	0:00:04.359615
2482	5	5	1	0:00:04.357952
2483	5	5	1	0:00:04.370461
2484	5	5	1	0:00:04.352610
2485	5	5	1	0:00:04.346107
2486	5	5	1	0:00:04.346379
2487	5	5	1	0:00:04.351523
2488	5	5	1	0:00:04.346196
2489	5	5	1	0:00:04.332549
2490	5	5	1	0:00:04.344579
2491	5	5	1	0:00:04.356327
2492	5	5	1	0:00:04.353934
2493	5	5	1	0:00:04.359541
2494	0	0	1	0:00:04.352954
2495	0	0	1	0:00:04.354071
2496	0	0	1	0:00:04.359170
2497	0	0	1	0:00:04.357364
2498	0	0	1	0:00:04.350895
2499	0	0	1	0:00:04.349743
2500	0	0	1	0:00:04.348155
2501	0	0	1	0:00:04.345896
2502	0	0	1	0:00:04.379549
2503	0	0	1	0:00:04.429654
2504	0	0	1	0:00:04.406407
2505	0	0	1	0:00:04.403514
2506	0	0	1	0:00:04.408238
2507	0	0	1	0:00:04.398047
2508	0	0	1	0:00:04.393988
2509	0	0	1	0:00:04.440300
2510	0	0	1	0:00:04.469049
2511	0	0	1	0:00:04.413205
2512	0	0	1	0:00:04.563877
2513	0	0	1	0:00:04.560189
2514	0	0	1	0:00:04.553376
2515	0	0	1	0:00:04.555637
2516	0	0	1	0:00:04.548604
2517	0	0	1	0:00:04.551986
2518	2	2	1	0:00:04.529055
2519	2	2	1	0:00:04.589416
2520	2	2	1	0:00:04.557542
2521	2	2	1	0:00:04.498125
2522	2	0	0	0:00:04.561859
2523	2	0	0	0:00:04.565197
2524	2	0	0	0:00:04.685727
2525	2	0	0	0:00:04.766041
2526	2	2	1	0:00:04.738428
2527	2	2	1	0:00:04.725272
2528	2	2	1	0:00:04.539689
2529	2	0	0	0:00:04.618554
2530	2	0	0	0:00:04.742505
2531	2	0	0	0:00:04.599761
2532	2	2	1	0:00:04.756860
2533	2	2	1	0:00:04.549150
2534	2	2	1	0:00:04.606887
2535	2	2	1	0:00:04.598790
2536	2	2	1	0:00:04.548002
2537	2	0	0	0:00:04.616253
2538	2	0	0	0:00:04.843093
2539	2	0	0	0:00:04.635123
2540	2	2	1	0:00:04.637187
2541	1	1	1	0:00:04.610745
2542	1	1	1	0:00:04.608859
2543	1	2	0	0:00:04.528667
2544	1	2	0	0:00:04.580532
2545	1	0	0	0:00:04.773824
2546	1	0	0	0:00:04.650084
2547	1	0	0	0:00:04.857020
2548	1	5	0	0:00:04.628267
2549	1	1	1	0:00:04.627133
2550	1	1	1	0:00:04.609715
2551	1	1	1	0:00:04.561372
2552	1	0	0	0:00:04.777626
2553	1	0	0	0:00:04.750389
2554	1	0	0	0:00:04.563340
2555	1	0	0	0:00:04.626444
2556	1	0	0	0:00:04.743555
2557	1	0	0	0:00:04.597523
2558	1	1	1	0:00:04.710922
2559	1	1	1	0:00:04.763981
2560	1	2	0	0:00:04.721262
2561	1	1	1	0:00:04.631397
2562	1	0	0	0:00:04.713551
2563	1	0	0	0:00:04.626923
2564	1	1	1	0:00:04.724349
2565	1	1	1	0:00:04.615761
2566	4	4	1	0:00:04.784511
2567	4	4	1	0:00:04.731322
2568	4	4	1	0:00:04.622534
2569	4	4	1	0:00:04.713322
2570	4	4	1	0:00:04.753498
2571	4	4	1	0:00:04.546363
2572	4	4	1	0:00:04.959891
2573	4	4	1	0:00:04.666701
2574	4	4	1	0:00:04.601248
2575	4	4	1	0:00:04.562287
2576	4	4	1	0:00:04.603677
2577	4	4	1	0:00:04.567426
2578	4	4	1	0:00:04.708807
2579	4	4	1	0:00:04.691306
2580	4	4	1	0:00:04.782472
2581	4	4	1	0:00:04.608155
2582	4	4	1	0:00:04.745138
2583	4	4	1	0:00:04.678628
2584	4	4	1	0:00:04.482200
2585	4	4	1	0:00:04.528949
2586	4	4	1	0:00:04.633799
2587	4	4	1	0:00:04.618693
2588	4	4	1	0:00:04.617008
2589	4	4	1	0:00:04.778319
2590	4	4	1	0:00:04.724109
2591	4	4	1	0:00:04.692769
2592	4	4	1	0:00:04.666518
2593	4	4	1	0:00:04.736679
2594	4	4	1	0:00:04.808307
2595	4	4	1	0:00:04.782039
2596	4	4	1	0:00:04.718406
2597	4	4	1	0:00:05.942683
2598	4	4	1	0:00:06.010274
2599	3	3	1	0:00:04.818349
2600	3	3	1	0:00:04.814492
2601	3	3	1	0:00:04.821730
2602	3	3	1	0:00:04.660664
2603	3	3	1	0:00:04.720684
2604	3	3	1	0:00:04.828318
2605	3	3	1	0:00:04.767300
2606	3	3	1	0:00:04.723277
2607	3	3	1	0:00:04.831026
2608	3	3	1	0:00:04.730778
2609	3	3	1	0:00:04.799579
2610	3	3	1	0:00:04.850446
2611	3	3	1	0:00:06.094277
2612	3	3	1	0:00:05.850967
2613	3	3	1	0:00:05.885564
2614	3	3	1	0:00:04.723674
2615	3	3	1	0:00:04.745965
2616	3	3	1	0:00:04.756115
2617	3	3	1	0:00:04.962408
2618	3	3	1	0:00:04.808540
2619	3	3	1	0:00:04.811339
2620	3	3	1	0:00:05.224684
2621	3	3	1	0:00:04.914312
2622	3	3	1	0:00:04.716379
2623	3	3	1	0:00:04.723362
2624	3	3	1	0:00:04.786602
2625	3	3	1	0:00:04.935756
2626	3	3	1	0:00:04.866053
2627	3	3	1	0:00:04.666679
2628	3	3	1	0:00:04.785025
2629	3	3	1	0:00:05.418405
2630	3	3	1	0:00:05.801518
2631	3	3	1	0:00:05.857764
2632	3	3	1	0:00:05.968831
2633	5	5	1	0:00:06.154001
2634	5	5	1	0:00:06.116848
2635	5	5	1	0:00:05.939883
2636	5	5	1	0:00:05.525046
2637	5	5	1	0:00:05.381011
2638	5	5	1	0:00:05.379709
2639	5	5	1	0:00:04.989833
2640	5	5	1	0:00:04.392015
2641	5	5	1	0:00:04.387511
2642	5	5	1	0:00:04.376094
2643	5	5	1	0:00:04.396342
2644	5	5	1	0:00:04.358632
2645	5	5	1	0:00:04.412908
2646	5	5	1	0:00:04.352965
2647	5	5	1	0:00:04.353843
2648	5	5	1	0:00:04.350754
2649	5	5	1	0:00:04.316775
2650	5	5	1	0:00:04.334214
2651	5	5	1	0:00:04.355902
2652	5	5	1	0:00:04.329670
2653	5	5	1	0:00:04.320966
2654	5	5	1	0:00:04.325407
2655	5	5	1	0:00:04.377300
2656	5	5	1	0:00:04.317167
2657	5	5	1	0:00:04.348699
2658	5	5	1	0:00:04.328325
2659	5	5	1	0:00:04.349491
2660	5	5	1	0:00:04.315937
2661	5	5	1	0:00:04.330059
2662	5	5	1	0:00:04.324809
2663	5	5	1	0:00:04.322367
2664	5	5	1	0:00:04.339228
2665	5	5	1	0:00:04.331697
2666	5	5	1	0:00:04.323782
2667	5	5	1	0:00:04.322748
2668	5	5	1	0:00:04.326707
2669	0	4	0	0:00:04.322696
2670	0	0	1	0:00:04.325627
2671	0	0	1	0:00:04.331791
2672	0	0	1	0:00:04.327236
2673	0	0	1	0:00:04.318746
2674	0	4	0	0:00:04.323519
2675	0	4	0	0:00:04.321472
2676	0	4	0	0:00:04.318865
2677	0	4	0	0:00:04.317754
2678	0	0	1	0:00:04.330123
2679	0	0	1	0:00:04.337941
2680	0	0	1	0:00:04.360811
2681	0	0	1	0:00:04.355586
2682	0	0	1	0:00:04.333809
2683	0	3	0	0:00:04.347069
2684	0	3	0	0:00:04.347570
2685	0	4	0	0:00:04.326212
2686	0	0	1	0:00:04.326303
2687	0	0	1	0:00:04.320282
2688	0	0	1	0:00:04.316324
2689	0	0	1	0:00:04.314075
2690	0	0	1	0:00:04.322016
2691	0	4	0	0:00:04.318495
2692	0	4	0	0:00:04.342336
2693	0	0	1	0:00:04.329561
2694	0	0	1	0:00:04.324762
2695	0	4	0	0:00:04.318796
2696	0	0	1	0:00:04.324385
2697	2	0	0	0:00:04.301416
2698	2	0	0	0:00:04.307335
2699	2	2	1	0:00:04.350143
2700	2	2	1	0:00:04.315245
2701	2	0	0	0:00:04.321439
2702	2	2	1	0:00:04.307304
2703	2	0	0	0:00:04.289452
2704	2	2	1	0:00:04.325535
2705	2	2	1	0:00:04.320861
2706	2	2	1	0:00:04.332498
2707	2	0	0	0:00:04.330201
2708	2	0	0	0:00:04.321845
2709	2	0	0	0:00:04.327732
2710	2	0	0	0:00:04.333310
2711	2	0	0	0:00:04.319643
2712	2	2	1	0:00:04.317150
2713	2	0	0	0:00:04.328500
2714	2	0	0	0:00:04.331613
2715	2	0	0	0:00:04.315736
2716	2	0	0	0:00:04.320665
2717	2	2	1	0:00:04.323063
2718	2	0	0	0:00:04.324335
2719	2	0	0	0:00:04.318687
2720	2	0	0	0:00:04.362731
2721	2	0	0	0:00:04.322930
2722	2	2	1	0:00:04.323017
2723	2	0	0	0:00:04.322135
2724	1	0	0	0:00:04.437073
2725	1	0	0	0:00:04.442878
2726	1	0	0	0:00:04.436547
2727	1	0	0	0:00:04.396040
2728	1	0	0	0:00:04.396184
2729	1	0	0	0:00:04.379231
2730	1	0	0	0:00:04.385140
2731	1	0	0	0:00:04.380688
2732	1	1	1	0:00:04.382766
2733	1	1	1	0:00:04.381345
2734	1	1	1	0:00:04.375869
2735	1	0	0	0:00:04.373080
2736	1	1	1	0:00:04.375260
2737	1	0	0	0:00:04.370138
2738	1	0	0	0:00:04.377575
2739	1	0	0	0:00:04.366627
2740	1	0	0	0:00:04.379857
2741	1	0	0	0:00:04.387492
2742	1	0	0	0:00:04.432820
2743	1	1	1	0:00:04.365891
2744	1	0	0	0:00:04.374685
2745	1	0	0	0:00:04.382832
2746	1	1	1	0:00:04.373761
2747	1	4	0	0:00:04.389149
2748	1	0	0	0:00:04.366576
2749	1	0	0	0:00:04.369881
2750	1	0	0	0:00:04.367102
2751	1	0	0	0:00:04.365628
2752	1	0	0	0:00:04.370289
2753	4	4	1	0:00:04.367695
2754	4	4	1	0:00:04.407867
2755	4	4	1	0:00:04.448135
2756	4	4	1	0:00:04.455480
2757	4	4	1	0:00:04.454800
2758	4	4	1	0:00:04.378934
2759	4	4	1	0:00:04.361732
2760	4	4	1	0:00:04.371602
2761	4	4	1	0:00:04.366189
2762	4	4	1	0:00:04.366449
2763	4	4	1	0:00:04.385674
2764	4	4	1	0:00:04.378126
2765	4	4	1	0:00:04.363605
2766	4	4	1	0:00:04.367677
2767	4	4	1	0:00:04.368760
2768	4	4	1	0:00:04.370135
2769	4	4	1	0:00:04.364968
2770	4	4	1	0:00:04.364553
2771	4	4	1	0:00:04.371998
2772	4	4	1	0:00:04.368875
2773	4	4	1	0:00:04.374292
2774	4	4	1	0:00:04.379754
2775	4	4	1	0:00:04.526712
2776	4	4	1	0:00:04.524768
2777	4	4	1	0:00:04.375717
2778	4	4	1	0:00:04.379905
2779	4	4	1	0:00:04.381401
2780	4	4	1	0:00:04.379210
2781	4	4	1	0:00:04.387100
2782	4	4	1	0:00:04.385971
2783	4	4	1	0:00:04.385392
2784	4	4	1	0:00:04.377858
2785	4	4	1	0:00:04.379696
2786	4	4	1	0:00:04.381270
2787	4	4	1	0:00:04.381180
2788	4	4	1	0:00:04.385839
2789	3	3	1	0:00:04.391319
2790	3	3	1	0:00:04.382098
2791	3	3	1	0:00:04.478137
2792	3	3	1	0:00:04.423265
2793	3	3	1	0:00:04.387770
2794	3	3	1	0:00:04.382582
2795	3	3	1	0:00:04.376301
2796	3	3	1	0:00:04.382125
2797	3	3	1	0:00:04.382810
2798	3	3	1	0:00:04.381905
2799	3	3	1	0:00:04.391314
2800	3	3	1	0:00:04.386076
2801	3	3	1	0:00:04.381890
2802	3	3	1	0:00:04.388574
2803	3	3	1	0:00:04.384722
2804	3	3	1	0:00:04.410373
2805	3	3	1	0:00:04.369642
2806	3	3	1	0:00:04.356921
2807	3	3	1	0:00:04.370742
2808	3	3	1	0:00:04.377642
2809	3	3	1	0:00:04.366743
2810	3	3	1	0:00:04.421204
2811	3	3	1	0:00:04.384983
2812	3	3	1	0:00:04.368465
2813	3	3	1	0:00:04.374460
2814	3	3	1	0:00:04.372818
2815	3	3	1	0:00:04.377137
2816	3	3	1	0:00:04.377497
2817	3	3	1	0:00:04.387644
2818	3	3	1	0:00:04.374025
2819	3	3	1	0:00:04.389014
2820	3	3	1	0:00:04.407716
2821	3	3	1	0:00:04.372539
2822	3	3	1	0:00:04.376272
2823	5	5	1	0:00:04.371051
2824	5	5	1	0:00:04.363497
2825	5	5	1	0:00:04.357133
2826	5	5	1	0:00:04.367523
2827	5	5	1	0:00:04.373780
2828	5	5	1	0:00:04.363738
2829	5	5	1	0:00:04.367703
2830	5	5	1	0:00:04.365941
2831	5	5	1	0:00:04.360807
2832	5	5	1	0:00:04.506432
2833	5	5	1	0:00:04.398576
2834	5	5	1	0:00:04.427226
2835	5	5	1	0:00:04.338383
2836	5	5	1	0:00:04.339354
2837	5	5	1	0:00:04.344960
2838	5	5	1	0:00:04.334887
2839	5	5	1	0:00:04.334285
2840	5	5	1	0:00:04.327585
2841	5	5	1	0:00:04.447608
2842	5	5	1	0:00:04.459445
2843	5	5	1	0:00:04.344146
2844	5	5	1	0:00:04.328053
2845	5	5	1	0:00:04.334593
2846	5	5	1	0:00:04.324670
2847	5	5	1	0:00:04.328236
2848	5	5	1	0:00:04.452985
2849	5	5	1	0:00:04.309441
2850	5	5	1	0:00:04.308523
2851	5	5	1	0:00:04.307160
2852	5	5	1	0:00:04.309543
2853	5	5	1	0:00:04.306891
2854	5	5	1	0:00:04.310616
2855	5	5	1	0:00:04.306209
2856	5	5	1	0:00:04.297436
2857	5	5	1	0:00:04.339324
2858	5	5	1	0:00:04.313885
2859	0	4	0	0:00:04.308704
2860	0	4	0	0:00:04.302446
2861	0	4	0	0:00:04.316573
2862	0	0	1	0:00:04.304456
2863	0	4	0	0:00:04.303197
2864	0	0	1	0:00:04.306626
2865	0	0	1	0:00:04.384366
2866	0	0	1	0:00:04.367335
2867	0	0	1	0:00:04.308332
2868	0	4	0	0:00:04.310187
2869	0	0	1	0:00:04.305664
2870	0	0	1	0:00:04.362951
2871	0	0	1	0:00:04.334405
2872	0	4	0	0:00:04.318962
2873	0	3	0	0:00:04.347726
2874	0	4	0	0:00:04.324587
2875	0	4	0	0:00:04.323914
2876	0	4	0	0:00:04.319108
2877	0	0	1	0:00:04.316983
2878	0	0	1	0:00:04.319670
2879	0	4	0	0:00:04.318297
2880	0	4	0	0:00:04.312208
2881	0	4	0	0:00:04.422412
2882	0	0	1	0:00:04.334204
2883	0	0	1	0:00:04.327506
2884	0	0	1	0:00:04.326332
2885	0	4	0	0:00:04.476314
2886	0	4	0	0:00:04.329419
2887	0	4	0	0:00:04.311603
2888	0	0	1	0:00:04.319531
2889	2	0	0	0:00:04.314501
2890	2	0	0	0:00:04.319557
2891	2	2	1	0:00:04.316355
2892	2	2	1	0:00:04.307470
2893	2	0	0	0:00:04.299530
2894	2	0	0	0:00:04.301733
2895	2	0	0	0:00:04.303020
2896	2	2	1	0:00:04.348711
2897	2	0	0	0:00:04.383393
2898	2	0	0	0:00:04.329891
2899	2	2	1	0:00:04.338403
2900	2	0	0	0:00:04.340831
2901	2	2	1	0:00:04.340650
2902	2	2	1	0:00:04.336563
2903	2	0	0	0:00:04.337762
2904	2	0	0	0:00:04.327478
2905	2	0	0	0:00:04.338137
2906	2	2	1	0:00:04.352982
2907	2	0	0	0:00:04.345964
2908	1	2	0	0:00:04.339643
2909	1	0	0	0:00:04.363662
2910	1	0	0	0:00:04.365383
2911	1	1	1	0:00:04.361968
2912	1	0	0	0:00:04.357641
2913	1	0	0	0:00:04.339851
2914	1	0	0	0:00:04.321137
2915	1	0	0	0:00:04.325108
2916	1	0	0	0:00:04.319012
2917	1	0	0	0:00:04.323551
2918	1	1	1	0:00:04.333026
2919	1	0	0	0:00:04.326281
2920	1	0	0	0:00:04.327257
2921	1	1	1	0:00:04.322347
2922	1	0	0	0:00:04.320570
2923	1	0	0	0:00:04.369280
2924	1	0	0	0:00:04.345690
2925	1	0	0	0:00:04.336948
2926	1	1	1	0:00:04.342331
2927	1	0	0	0:00:04.359987
2928	2	2	1	0:00:04.482554
2929	2	0	0	0:00:04.824896
2930	2	0	0	0:00:04.780307
2931	2	2	1	0:00:04.723494
2932	2	0	0	0:00:04.535948
2933	2	0	0	0:00:04.578897
2934	2	0	0	0:00:04.768880
2935	2	0	0	0:00:04.680527
2936	2	0	0	0:00:04.657238
2937	1	1	1	0:00:04.750626
2938	1	1	1	0:00:04.776526
2939	1	0	0	0:00:04.648051
2940	1	1	1	0:00:04.674451
2941	1	0	0	0:00:04.693227
2942	1	0	0	0:00:04.666924
2943	1	0	0	0:00:04.634326
2944	1	0	0	0:00:04.667005
2945	1	0	0	0:00:04.661906
2946	1	0	0	0:00:04.720382
