idx	label	predict	correct	time
0	4	4	1	0:00:04.849934
1	4	4	1	0:00:04.763441
2	4	4	1	0:00:04.837836
3	4	4	1	0:00:04.806877
4	4	4	1	0:00:04.674663
5	4	4	1	0:00:04.725533
6	4	4	1	0:00:04.796497
7	4	4	1	0:00:04.820557
8	4	4	1	0:00:04.769332
9	4	4	1	0:00:04.692015
10	4	4	1	0:00:04.776129
11	4	4	1	0:00:04.928424
12	4	4	1	0:00:04.889246
13	4	4	1	0:00:04.998854
14	4	4	1	0:00:04.922021
15	4	4	1	0:00:04.979571
16	4	4	1	0:00:04.855146
17	4	4	1	0:00:04.820726
18	4	4	1	0:00:04.929682
19	4	4	1	0:00:04.981061
20	4	4	1	0:00:04.831080
21	4	4	1	0:00:04.686549
22	4	4	1	0:00:04.841961
23	4	4	1	0:00:04.917586
24	4	4	1	0:00:04.916049
25	4	4	1	0:00:04.914173
26	4	4	1	0:00:04.855053
27	4	4	1	0:00:04.961206
28	4	4	1	0:00:04.931363
29	4	4	1	0:00:05.106765
30	4	4	1	0:00:04.845685
31	3	3	1	0:00:04.995955
32	3	3	1	0:00:04.945632
33	3	3	1	0:00:04.975251
34	3	3	1	0:00:04.708084
35	3	3	1	0:00:04.761884
36	3	3	1	0:00:04.708252
37	3	3	1	0:00:04.666572
38	3	3	1	0:00:04.748895
39	3	3	1	0:00:04.668437
40	3	3	1	0:00:04.669348
41	3	3	1	0:00:04.763220
42	3	3	1	0:00:04.723821
43	3	3	1	0:00:04.649035
44	3	3	1	0:00:04.727641
45	3	-1	0	0:00:04.819750
46	3	3	1	0:00:04.669359
47	3	3	1	0:00:04.634240
48	3	3	1	0:00:04.651479
49	3	3	1	0:00:04.979208
50	3	3	1	0:00:04.786815
51	3	3	1	0:00:04.797581
52	3	3	1	0:00:04.617684
53	3	-1	0	0:00:04.678802
54	3	-1	0	0:00:04.773315
55	5	5	1	0:00:04.801231
56	5	5	1	0:00:04.922500
57	5	5	1	0:00:04.821944
58	5	5	1	0:00:04.933022
59	5	5	1	0:00:04.914961
60	5	5	1	0:00:04.861633
61	5	5	1	0:00:04.714997
62	5	5	1	0:00:04.778639
63	5	5	1	0:00:04.819569
64	5	5	1	0:00:04.872513
65	5	5	1	0:00:04.872381
66	5	5	1	0:00:04.815089
67	5	5	1	0:00:04.913125
68	5	5	1	0:00:04.802615
69	5	5	1	0:00:04.879711
70	5	5	1	0:00:04.925073
71	5	5	1	0:00:04.875384
72	5	5	1	0:00:05.003736
73	5	5	1	0:00:04.965986
74	5	5	1	0:00:04.845048
75	5	5	1	0:00:04.858001
76	5	5	1	0:00:04.935298
77	5	5	1	0:00:05.053659
78	5	5	1	0:00:04.949699
79	0	-1	0	0:00:04.950809
80	0	-1	0	0:00:04.965896
81	0	1	0	0:00:04.909792
82	0	-1	0	0:00:06.210249
83	0	1	0	0:00:06.447276
84	0	1	0	0:00:05.179977
85	0	3	0	0:00:04.889942
86	0	-1	0	0:00:05.129670
87	0	-1	0	0:00:04.959510
88	0	-1	0	0:00:04.811733
89	0	1	0	0:00:05.108759
90	0	1	0	0:00:05.034492
91	0	1	0	0:00:05.053453
92	0	1	0	0:00:04.862369
93	0	3	0	0:00:04.899549
94	0	-1	0	0:00:05.095342
95	0	3	0	0:00:05.398396
96	0	-1	0	0:00:06.300901
97	0	-1	0	0:00:05.069569
98	0	-1	0	0:00:05.054086
99	0	1	0	0:00:04.895025
100	0	1	0	0:00:04.919896
101	0	1	0	0:00:05.153292
102	0	1	0	0:00:06.638621
103	0	1	0	0:00:05.570421
104	0	1	0	0:00:04.700980
105	0	-1	0	0:00:04.797755
106	0	-1	0	0:00:04.700658
107	0	1	0	0:00:04.722116
108	0	3	0	0:00:04.740412
109	2	1	0	0:00:04.731658
110	2	1	0	0:00:04.861004
111	2	1	0	0:00:04.706053
112	2	1	0	0:00:04.632631
113	2	1	0	0:00:05.901887
114	2	1	0	0:00:05.912221
115	2	1	0	0:00:05.835915
116	2	1	0	0:00:06.115160
117	2	1	0	0:00:06.195603
118	2	1	0	0:00:06.002831
119	2	1	0	0:00:06.247233
120	2	1	0	0:00:06.109780
121	2	1	0	0:00:05.921631
122	2	1	0	0:00:05.923590
123	2	1	0	0:00:05.988466
124	2	1	0	0:00:06.098809
125	2	1	0	0:00:05.943896
126	2	1	0	0:00:05.955447
127	2	1	0	0:00:06.039289
128	2	-1	0	0:00:04.810275
129	2	1	0	0:00:04.813710
130	2	1	0	0:00:04.572588
131	2	1	0	0:00:04.596533
132	2	1	0	0:00:04.674973
133	1	1	1	0:00:04.651426
134	1	1	1	0:00:04.531810
135	1	1	1	0:00:04.558761
136	1	1	1	0:00:04.631448
137	1	1	1	0:00:04.556092
138	1	1	1	0:00:04.679806
139	1	1	1	0:00:04.574317
140	1	1	1	0:00:04.652473
141	1	1	1	0:00:04.481453
142	1	1	1	0:00:04.511296
143	1	1	1	0:00:04.685412
144	1	1	1	0:00:04.673707
145	1	1	1	0:00:04.615510
146	1	1	1	0:00:04.530870
147	1	5	0	0:00:04.509486
148	1	1	1	0:00:04.704705
149	1	5	0	0:00:04.598484
150	1	5	0	0:00:04.612838
151	1	5	0	0:00:04.674851
152	1	5	0	0:00:04.696003
153	1	5	0	0:00:04.627124
154	1	1	1	0:00:04.737898
155	1	5	0	0:00:04.729988
156	1	5	0	0:00:04.577311
157	1	5	0	0:00:04.603331
158	4	4	1	0:00:04.542119
159	4	4	1	0:00:04.575564
160	4	4	1	0:00:04.578132
161	4	4	1	0:00:04.526044
162	4	4	1	0:00:04.611341
163	4	4	1	0:00:04.499104
164	4	4	1	0:00:04.638792
165	4	4	1	0:00:04.615167
166	4	4	1	0:00:04.555907
167	4	4	1	0:00:04.563575
168	4	4	1	0:00:04.489371
169	4	4	1	0:00:04.539145
170	4	4	1	0:00:04.630815
171	4	4	1	0:00:04.484908
172	4	4	1	0:00:04.559639
173	4	4	1	0:00:04.555532
174	4	4	1	0:00:04.570315
175	4	4	1	0:00:04.681537
176	4	4	1	0:00:04.332084
177	4	4	1	0:00:04.331742
178	4	4	1	0:00:04.335639
179	4	4	1	0:00:04.342633
180	4	4	1	0:00:04.335469
181	3	3	1	0:00:04.328309
182	3	3	1	0:00:04.345432
183	3	3	1	0:00:04.349625
184	3	3	1	0:00:04.330671
185	3	3	1	0:00:04.347011
186	3	3	1	0:00:04.356943
187	3	3	1	0:00:04.340485
188	3	3	1	0:00:04.355084
189	3	3	1	0:00:04.337975
190	3	3	1	0:00:04.354288
191	3	3	1	0:00:04.354281
192	3	3	1	0:00:04.358598
193	3	3	1	0:00:04.402781
194	3	-1	0	0:00:04.341670
195	3	3	1	0:00:04.348320
196	3	3	1	0:00:04.353598
197	3	3	1	0:00:04.336457
198	3	3	1	0:00:04.323974
199	3	3	1	0:00:04.463788
200	3	3	1	0:00:04.426350
201	3	3	1	0:00:04.405593
202	3	3	1	0:00:04.422464
203	5	5	1	0:00:04.407736
204	5	5	1	0:00:04.421957
205	5	5	1	0:00:04.451726
206	5	5	1	0:00:04.439813
207	5	5	1	0:00:04.433481
208	5	5	1	0:00:04.401183
209	5	5	1	0:00:04.415913
210	5	5	1	0:00:04.375002
211	5	5	1	0:00:05.447132
212	5	5	1	0:00:05.430045
213	5	5	1	0:00:05.384665
214	5	5	1	0:00:05.397676
215	5	5	1	0:00:05.406579
216	5	5	1	0:00:05.398935
217	5	5	1	0:00:05.383918
218	5	5	1	0:00:05.390093
219	5	5	1	0:00:05.374719
220	5	5	1	0:00:05.392231
221	5	5	1	0:00:04.856397
222	5	5	1	0:00:04.510739
223	5	5	1	0:00:04.468961
224	5	5	1	0:00:04.401241
225	5	5	1	0:00:04.435156
226	5	5	1	0:00:04.402048
227	0	3	0	0:00:04.406347
228	0	1	0	0:00:04.385869
229	0	1	0	0:00:04.360057
230	0	1	0	0:00:04.445282
231	0	-1	0	0:00:04.361356
232	0	1	0	0:00:04.395915
233	0	-1	0	0:00:04.375006
234	0	1	0	0:00:04.374353
235	0	-1	0	0:00:04.360036
236	0	-1	0	0:00:04.358184
237	0	1	0	0:00:04.357425
238	0	1	0	0:00:04.359154
239	0	5	0	0:00:04.361186
240	0	-1	0	0:00:04.336539
241	0	3	0	0:00:04.354918
242	0	1	0	0:00:04.367132
243	0	1	0	0:00:04.359147
244	0	1	0	0:00:04.380002
245	0	1	0	0:00:04.373563
246	0	-1	0	0:00:04.370726
247	0	1	0	0:00:04.429029
248	0	1	0	0:00:04.429184
249	0	-1	0	0:00:04.417562
250	0	1	0	0:00:04.413538
251	0	1	0	0:00:04.414119
252	0	1	0	0:00:04.390068
253	0	1	0	0:00:04.374341
254	0	1	0	0:00:04.377687
255	0	1	0	0:00:04.380582
256	2	1	0	0:00:04.384848
257	2	1	0	0:00:04.373382
258	2	1	0	0:00:04.360948
259	2	1	0	0:00:04.383458
260	2	1	0	0:00:04.365586
261	2	1	0	0:00:04.365393
262	2	1	0	0:00:04.381395
263	2	1	0	0:00:04.384143
264	2	1	0	0:00:04.389110
265	2	1	0	0:00:04.374837
266	2	1	0	0:00:04.371897
267	2	1	0	0:00:04.979346
268	2	1	0	0:00:05.360821
269	2	1	0	0:00:05.326994
270	2	1	0	0:00:05.125452
271	2	1	0	0:00:04.355627
272	2	1	0	0:00:04.362311
273	2	1	0	0:00:04.346381
274	2	1	0	0:00:04.351259
275	2	1	0	0:00:04.356489
276	2	-1	0	0:00:04.344618
277	2	1	0	0:00:04.337685
278	2	1	0	0:00:04.357980
279	1	-1	0	0:00:04.347486
280	1	1	1	0:00:04.338216
281	1	1	1	0:00:04.344441
282	1	1	1	0:00:04.343744
283	1	1	1	0:00:04.336994
284	1	1	1	0:00:04.344975
285	1	1	1	0:00:04.332359
286	1	1	1	0:00:04.340758
287	1	1	1	0:00:04.338018
288	1	1	1	0:00:04.330478
289	1	1	1	0:00:04.345205
290	1	1	1	0:00:04.335294
291	1	1	1	0:00:04.343113
292	1	1	1	0:00:04.342516
293	1	1	1	0:00:04.333992
294	1	1	1	0:00:04.339777
295	1	1	1	0:00:04.338446
296	1	1	1	0:00:04.328687
297	1	1	1	0:00:04.336260
298	1	1	1	0:00:04.351705
299	1	1	1	0:00:04.356593
300	1	1	1	0:00:04.348520
301	1	1	1	0:00:04.346357
302	4	3	0	0:00:04.354791
303	4	-1	0	0:00:04.361348
304	4	3	0	0:00:04.343870
305	4	3	0	0:00:04.353817
306	4	3	0	0:00:04.359989
307	4	3	0	0:00:04.349214
308	4	3	0	0:00:04.337475
309	4	3	0	0:00:04.344193
310	4	3	0	0:00:04.350015
311	4	3	0	0:00:04.343102
312	4	3	0	0:00:04.340585
313	4	3	0	0:00:04.361327
314	4	3	0	0:00:04.345466
315	4	3	0	0:00:04.339380
316	4	3	0	0:00:04.343323
317	4	3	0	0:00:04.334870
318	4	3	0	0:00:04.342203
319	4	3	0	0:00:04.345784
320	4	3	0	0:00:04.330890
321	4	3	0	0:00:04.334194
322	4	3	0	0:00:04.339189
323	4	3	0	0:00:04.342443
324	4	3	0	0:00:04.341186
325	4	3	0	0:00:04.417251
326	4	3	0	0:00:04.419167
327	4	3	0	0:00:04.398072
328	4	-1	0	0:00:04.372602
329	4	3	0	0:00:04.379819
330	3	3	1	0:00:04.381180
331	3	3	1	0:00:04.361725
332	3	3	1	0:00:04.373438
333	3	3	1	0:00:04.365837
334	3	3	1	0:00:04.359831
335	3	3	1	0:00:04.351386
336	3	3	1	0:00:04.350537
337	3	3	1	0:00:04.357561
338	3	3	1	0:00:04.348166
339	3	3	1	0:00:04.343194
340	3	3	1	0:00:04.356508
341	3	3	1	0:00:04.348382
342	3	3	1	0:00:04.347891
343	3	3	1	0:00:04.348822
344	3	3	1	0:00:04.342868
345	3	3	1	0:00:04.349916
346	3	3	1	0:00:04.350573
347	3	3	1	0:00:04.356755
348	3	3	1	0:00:04.354696
349	3	3	1	0:00:04.370224
350	3	3	1	0:00:04.423937
351	3	3	1	0:00:04.413906
352	3	3	1	0:00:04.383497
353	3	3	1	0:00:04.422494
354	5	5	1	0:00:04.391783
355	5	5	1	0:00:04.393142
356	5	5	1	0:00:04.383666
357	5	5	1	0:00:04.388238
358	5	5	1	0:00:04.398916
359	5	5	1	0:00:04.403034
360	5	5	1	0:00:04.376317
361	5	5	1	0:00:04.368635
362	5	5	1	0:00:04.371529
363	5	5	1	0:00:04.370375
364	5	5	1	0:00:04.379952
365	5	5	1	0:00:04.373329
366	5	5	1	0:00:04.375963
367	5	5	1	0:00:04.455148
368	5	5	1	0:00:04.415003
369	5	5	1	0:00:04.396667
370	5	5	1	0:00:04.393720
371	5	5	1	0:00:04.394015
372	5	5	1	0:00:04.375276
373	5	5	1	0:00:04.398223
374	5	5	1	0:00:04.439593
375	5	5	1	0:00:04.432575
376	5	5	1	0:00:04.390053
377	5	5	1	0:00:04.473410
378	5	5	1	0:00:04.433823
379	5	5	1	0:00:04.413347
380	5	5	1	0:00:04.401699
381	5	5	1	0:00:04.387867
382	5	5	1	0:00:04.387602
383	5	5	1	0:00:04.371130
384	0	3	0	0:00:04.411537
385	0	-1	0	0:00:04.376858
386	0	-1	0	0:00:04.366397
387	0	3	0	0:00:04.380077
388	0	1	0	0:00:04.378944
389	0	1	0	0:00:04.374754
390	0	-1	0	0:00:04.375871
391	0	-1	0	0:00:04.390023
392	0	-1	0	0:00:04.371023
393	0	3	0	0:00:04.365569
394	0	3	0	0:00:04.377091
395	0	3	0	0:00:04.375131
396	0	3	0	0:00:04.366995
397	0	-1	0	0:00:04.352199
398	0	3	0	0:00:04.370535
399	0	-1	0	0:00:04.377522
400	0	-1	0	0:00:04.359677
401	0	3	0	0:00:04.372558
402	0	-1	0	0:00:04.371043
403	0	3	0	0:00:04.370546
404	0	-1	0	0:00:04.986188
405	0	1	0	0:00:05.376051
406	0	1	0	0:00:05.294089
407	0	1	0	0:00:04.443923
408	0	-1	0	0:00:04.425133
409	0	3	0	0:00:04.403969
410	0	3	0	0:00:04.433033
411	0	1	0	0:00:04.383727
412	0	1	0	0:00:04.384673
413	0	3	0	0:00:04.346421
414	0	3	0	0:00:04.372182
415	2	1	0	0:00:04.361104
416	2	1	0	0:00:04.348408
417	2	5	0	0:00:04.352547
418	2	1	0	0:00:04.359531
419	2	1	0	0:00:04.361825
420	2	-1	0	0:00:04.350840
421	2	1	0	0:00:04.342847
422	2	1	0	0:00:04.361079
423	2	5	0	0:00:04.349435
424	2	5	0	0:00:04.334081
425	2	1	0	0:00:04.323404
426	2	1	0	0:00:04.351124
427	2	1	0	0:00:04.313605
428	2	1	0	0:00:04.389233
429	2	5	0	0:00:04.396558
430	2	1	0	0:00:04.387164
431	2	1	0	0:00:04.377728
432	2	-1	0	0:00:04.376304
433	2	-1	0	0:00:04.375921
434	2	5	0	0:00:04.374695
435	2	5	0	0:00:04.379215
436	2	1	0	0:00:04.369015
437	2	1	0	0:00:04.338424
438	1	1	1	0:00:04.366942
439	1	1	1	0:00:04.365294
440	1	1	1	0:00:04.354340
441	1	1	1	0:00:04.392231
442	1	1	1	0:00:04.375973
443	1	1	1	0:00:04.378595
444	1	1	1	0:00:04.367169
445	1	1	1	0:00:04.367651
446	1	1	1	0:00:04.370289
447	1	1	1	0:00:04.367949
448	1	1	1	0:00:04.354802
449	1	1	1	0:00:04.371048
450	1	1	1	0:00:04.357612
451	1	1	1	0:00:04.358792
452	1	1	1	0:00:04.363176
453	1	1	1	0:00:04.359258
454	1	1	1	0:00:04.348692
455	1	1	1	0:00:04.375243
456	1	1	1	0:00:04.347376
457	1	1	1	0:00:04.364814
458	1	1	1	0:00:04.355629
459	1	1	1	0:00:04.360670
460	1	1	1	0:00:04.356040
461	1	1	1	0:00:04.345458
462	1	1	1	0:00:04.405656
463	1	1	1	0:00:04.373830
464	1	1	1	0:00:04.366965
465	1	-1	0	0:00:04.376070
466	4	-1	0	0:00:04.371638
467	4	-1	0	0:00:04.374420
468	4	3	0	0:00:04.360981
469	4	3	0	0:00:04.363139
470	4	3	0	0:00:04.376227
471	4	3	0	0:00:04.362695
472	4	3	0	0:00:04.377900
473	4	3	0	0:00:04.367855
474	4	3	0	0:00:04.363093
475	4	3	0	0:00:04.358320
476	4	3	0	0:00:04.391195
477	4	3	0	0:00:04.364180
478	4	3	0	0:00:04.361434
479	4	3	0	0:00:04.361076
480	4	3	0	0:00:04.356019
481	4	-1	0	0:00:04.364374
482	4	3	0	0:00:04.362870
483	4	3	0	0:00:04.372250
484	4	3	0	0:00:04.360323
485	4	3	0	0:00:04.360766
486	4	4	1	0:00:04.363476
487	4	3	0	0:00:04.384830
488	4	3	0	0:00:04.360624
489	4	3	0	0:00:04.366204
490	4	3	0	0:00:04.387639
491	4	3	0	0:00:04.360670
492	4	3	0	0:00:04.382174
493	4	3	0	0:00:04.374811
494	3	3	1	0:00:04.362924
495	3	3	1	0:00:04.368157
496	3	3	1	0:00:04.374442
497	3	3	1	0:00:04.363498
498	3	3	1	0:00:04.346847
499	3	3	1	0:00:04.342553
500	3	3	1	0:00:04.350118
501	3	3	1	0:00:04.328830
502	3	3	1	0:00:04.359408
503	3	3	1	0:00:04.390388
504	3	3	1	0:00:04.405019
505	3	3	1	0:00:04.370718
506	3	3	1	0:00:04.372113
507	3	3	1	0:00:04.355139
508	3	3	1	0:00:04.348124
509	3	3	1	0:00:04.349981
510	3	3	1	0:00:04.373604
511	3	3	1	0:00:04.379517
512	3	3	1	0:00:04.374857
513	3	3	1	0:00:04.377248
514	3	3	1	0:00:04.385027
515	3	3	1	0:00:04.387713
516	3	3	1	0:00:04.398733
517	3	3	1	0:00:04.401890
518	3	3	1	0:00:04.374898
519	3	3	1	0:00:04.384372
520	5	5	1	0:00:04.383270
521	5	5	1	0:00:04.375062
522	5	5	1	0:00:04.371027
523	5	5	1	0:00:04.374421
524	5	5	1	0:00:04.397199
525	5	5	1	0:00:04.374928
526	5	5	1	0:00:04.375992
527	5	5	1	0:00:04.383507
528	5	5	1	0:00:04.378182
529	5	5	1	0:00:04.387891
530	5	5	1	0:00:04.381776
531	5	5	1	0:00:04.401588
532	5	5	1	0:00:04.410685
533	5	5	1	0:00:04.384931
534	5	5	1	0:00:04.393092
535	5	5	1	0:00:04.391462
536	5	5	1	0:00:04.382952
537	5	5	1	0:00:04.381048
538	5	5	1	0:00:04.372859
539	5	5	1	0:00:04.387026
540	5	5	1	0:00:04.405945
541	5	5	1	0:00:04.378062
542	5	5	1	0:00:04.389505
543	5	5	1	0:00:04.407876
544	0	3	0	0:00:04.406403
545	0	-1	0	0:00:04.377684
546	0	3	0	0:00:04.376674
547	0	3	0	0:00:04.420540
548	0	-1	0	0:00:04.425805
549	0	-1	0	0:00:04.368585
550	0	-1	0	0:00:04.356911
551	0	-1	0	0:00:04.385348
552	0	1	0	0:00:04.339711
553	0	1	0	0:00:04.347188
554	0	-1	0	0:00:04.343872
555	0	3	0	0:00:04.352434
556	0	-1	0	0:00:04.381603
557	0	1	0	0:00:04.341524
558	0	5	0	0:00:04.333611
559	0	-1	0	0:00:04.344486
560	0	1	0	0:00:04.335446
561	0	1	0	0:00:04.333058
562	0	1	0	0:00:04.331110
563	0	1	0	0:00:04.349008
564	0	1	0	0:00:04.332597
565	0	1	0	0:00:04.337054
566	0	1	0	0:00:04.335079
567	0	1	0	0:00:04.332408
568	0	1	0	0:00:04.327065
569	0	1	0	0:00:04.352319
570	0	1	0	0:00:04.334021
571	0	1	0	0:00:04.344989
572	0	1	0	0:00:04.336272
573	2	1	0	0:00:04.319847
574	2	1	0	0:00:04.326635
575	2	1	0	0:00:04.344274
576	2	1	0	0:00:04.334332
577	2	1	0	0:00:04.360233
578	2	1	0	0:00:04.342360
579	2	1	0	0:00:04.344519
580	2	1	0	0:00:04.331522
581	2	1	0	0:00:04.329771
582	2	1	0	0:00:04.336378
583	2	-1	0	0:00:04.348984
584	2	-1	0	0:00:04.336915
585	2	1	0	0:00:04.335261
586	2	1	0	0:00:04.332317
587	2	1	0	0:00:04.343107
588	2	1	0	0:00:04.325679
589	2	-1	0	0:00:04.324001
590	2	5	0	0:00:04.338895
591	2	5	0	0:00:04.317608
592	2	1	0	0:00:04.319544
593	2	1	0	0:00:04.309241
594	2	1	0	0:00:04.312789
595	1	1	1	0:00:04.301548
596	1	1	1	0:00:04.308214
597	1	1	1	0:00:04.322009
598	1	1	1	0:00:04.345925
599	1	1	1	0:00:04.351859
600	1	1	1	0:00:04.370847
601	1	1	1	0:00:04.366735
602	1	-1	0	0:00:04.332693
603	1	1	1	0:00:04.328781
604	1	1	1	0:00:04.332559
605	1	1	1	0:00:04.322839
606	1	1	1	0:00:04.355551
607	1	1	1	0:00:04.353106
608	1	1	1	0:00:04.333276
609	1	1	1	0:00:04.329024
610	1	1	1	0:00:04.335725
611	1	1	1	0:00:04.346305
612	1	1	1	0:00:04.330681
613	1	1	1	0:00:04.325251
614	1	1	1	0:00:04.329457
615	1	1	1	0:00:04.327226
616	1	1	1	0:00:04.318960
617	1	1	1	0:00:04.327384
618	1	1	1	0:00:04.326701
619	4	3	0	0:00:04.321269
620	4	3	0	0:00:04.344180
621	4	3	0	0:00:04.321726
622	4	3	0	0:00:04.332346
623	4	3	0	0:00:04.351072
624	4	3	0	0:00:04.348081
625	4	3	0	0:00:04.359704
626	4	3	0	0:00:04.369015
627	4	3	0	0:00:04.383199
628	4	3	0	0:00:04.398998
629	4	3	0	0:00:04.346803
630	4	3	0	0:00:04.346872
631	4	3	0	0:00:04.346695
632	4	3	0	0:00:04.348230
633	4	3	0	0:00:04.350703
634	4	3	0	0:00:04.355290
635	4	3	0	0:00:04.438941
636	4	3	0	0:00:04.453609
637	4	3	0	0:00:04.441603
638	4	3	0	0:00:04.450102
639	4	3	0	0:00:04.448403
640	4	3	0	0:00:04.400786
641	3	3	1	0:00:04.385579
642	3	3	1	0:00:04.385110
643	3	3	1	0:00:04.375674
644	3	3	1	0:00:04.377589
645	3	3	1	0:00:04.364971
646	3	3	1	0:00:04.372585
647	3	3	1	0:00:04.373668
648	3	3	1	0:00:04.372320
649	3	3	1	0:00:04.361564
650	3	3	1	0:00:04.363609
651	3	3	1	0:00:04.379906
652	3	3	1	0:00:04.561446
653	3	3	1	0:00:04.419343
654	3	3	1	0:00:04.408991
655	3	3	1	0:00:04.422189
656	3	3	1	0:00:04.409580
657	3	3	1	0:00:04.409400
658	3	3	1	0:00:04.425819
659	3	3	1	0:00:04.428237
660	3	3	1	0:00:04.418662
661	3	3	1	0:00:04.435224
662	3	3	1	0:00:04.403757
663	3	3	1	0:00:04.402860
664	3	3	1	0:00:04.388562
665	3	3	1	0:00:04.411433
666	5	5	1	0:00:04.407882
667	5	5	1	0:00:04.397427
668	5	5	1	0:00:04.397781
669	5	5	1	0:00:04.388942
670	5	5	1	0:00:04.408737
671	5	5	1	0:00:04.456149
672	5	5	1	0:00:04.404932
673	5	5	1	0:00:04.394631
674	5	5	1	0:00:04.400512
675	5	5	1	0:00:04.400678
676	5	5	1	0:00:04.654610
677	5	5	1	0:00:04.597840
678	5	5	1	0:00:04.616689
679	5	5	1	0:00:04.629966
680	5	5	1	0:00:04.613247
681	5	5	1	0:00:04.416867
682	5	5	1	0:00:04.398813
683	5	5	1	0:00:04.398829
684	5	5	1	0:00:04.392441
685	5	5	1	0:00:04.394989
686	5	5	1	0:00:04.401248
687	5	5	1	0:00:04.401976
688	5	5	1	0:00:04.397573
689	5	5	1	0:00:04.400831
690	0	1	0	0:00:04.404881
691	0	1	0	0:00:04.404562
692	0	1	0	0:00:04.411196
693	0	1	0	0:00:04.398185
694	0	1	0	0:00:04.403117
695	0	1	0	0:00:04.399160
696	0	1	0	0:00:04.392478
697	0	1	0	0:00:04.403369
698	0	1	0	0:00:04.405895
699	0	1	0	0:00:04.402442
700	0	3	0	0:00:04.400146
701	0	-1	0	0:00:04.399153
702	0	-1	0	0:00:04.397489
703	0	5	0	0:00:04.407837
704	0	5	0	0:00:04.392929
705	0	1	0	0:00:04.372518
706	0	1	0	0:00:04.371080
707	0	1	0	0:00:04.371398
708	0	1	0	0:00:04.392386
709	0	1	0	0:00:04.398262
710	0	1	0	0:00:04.397305
711	0	1	0	0:00:04.400691
712	0	1	0	0:00:04.395789
713	0	1	0	0:00:04.396681
714	0	-1	0	0:00:04.398643
715	0	3	0	0:00:04.401934
716	2	1	0	0:00:04.687724
717	2	1	0	0:00:04.484754
718	2	1	0	0:00:04.418795
719	2	1	0	0:00:04.453190
720	2	1	0	0:00:04.394140
721	2	1	0	0:00:04.387473
722	2	1	0	0:00:04.382675
723	1	5	0	0:00:04.388988
724	1	1	1	0:00:04.382905
725	1	1	1	0:00:04.376259
726	1	-1	0	0:00:04.375785
727	1	1	1	0:00:04.382651
728	1	1	1	0:00:04.374133
729	1	1	1	0:00:04.357618
730	1	1	1	0:00:04.381309
731	1	1	1	0:00:04.374803
732	1	1	1	0:00:04.410914
733	2	1	0	0:00:04.484440
734	2	1	0	0:00:04.464309
735	2	1	0	0:00:04.445622
736	2	1	0	0:00:04.427596
737	2	1	0	0:00:04.488334
738	2	1	0	0:00:04.416552
739	1	5	0	0:00:04.420796
740	1	1	1	0:00:04.421419
741	1	1	1	0:00:04.427876
742	1	1	1	0:00:04.411835
743	1	1	1	0:00:04.410896
744	1	1	1	0:00:04.405570
745	1	-1	0	0:00:04.409254
746	1	-1	0	0:00:04.410393
747	2	1	0	0:00:04.982871
748	2	1	0	0:00:05.463634
749	2	1	0	0:00:05.476580
750	2	-1	0	0:00:05.491308
751	2	-1	0	0:00:04.413495
752	2	1	0	0:00:04.399442
753	2	1	0	0:00:04.406527
754	2	1	0	0:00:04.406696
755	1	5	0	0:00:04.413208
756	1	-1	0	0:00:04.402049
757	1	1	1	0:00:04.660199
758	1	1	1	0:00:04.529114
759	1	1	1	0:00:04.503546
760	1	1	1	0:00:04.490436
761	1	1	1	0:00:04.488382
762	1	-1	0	0:00:04.464015
763	4	3	0	0:00:04.426103
764	4	3	0	0:00:04.433450
765	4	-1	0	0:00:04.439829
766	4	3	0	0:00:04.461665
767	4	3	0	0:00:04.377132
768	4	3	0	0:00:04.355553
769	4	3	0	0:00:04.373293
770	4	3	0	0:00:04.336923
771	4	3	0	0:00:04.341676
772	4	3	0	0:00:04.345195
773	4	3	0	0:00:04.314448
774	4	3	0	0:00:04.308366
775	4	3	0	0:00:04.309475
776	4	3	0	0:00:04.295748
777	4	3	0	0:00:04.329244
778	4	3	0	0:00:04.314235
779	4	3	0	0:00:04.328099
780	4	3	0	0:00:04.327629
781	4	3	0	0:00:04.317804
782	4	3	0	0:00:04.326236
783	4	3	0	0:00:04.332121
784	4	3	0	0:00:04.343766
785	4	3	0	0:00:04.399163
786	3	-1	0	0:00:04.399629
787	3	3	1	0:00:04.399315
788	3	3	1	0:00:04.400410
789	3	4	0	0:00:04.387742
790	3	-1	0	0:00:04.415479
791	3	-1	0	0:00:04.335915
792	3	3	1	0:00:04.329396
793	3	-1	0	0:00:04.334511
794	3	4	0	0:00:04.336728
795	3	4	0	0:00:04.341718
796	3	4	0	0:00:04.337223
797	3	4	0	0:00:04.333629
798	3	3	1	0:00:04.334159
799	3	3	1	0:00:04.324919
800	3	3	1	0:00:04.322388
801	3	3	1	0:00:04.334083
802	3	3	1	0:00:04.326879
803	3	3	1	0:00:04.329407
804	3	3	1	0:00:04.329677
805	3	3	1	0:00:04.322682
806	3	3	1	0:00:04.327758
807	3	3	1	0:00:04.336338
808	3	3	1	0:00:04.324582
809	3	3	1	0:00:04.323178
810	3	3	1	0:00:04.324697
811	5	5	1	0:00:04.327484
812	5	5	1	0:00:04.330922
813	5	5	1	0:00:04.315520
814	5	5	1	0:00:04.331907
815	5	5	1	0:00:04.329211
816	5	5	1	0:00:04.314995
817	5	5	1	0:00:04.330857
818	5	5	1	0:00:04.331889
819	5	5	1	0:00:04.328757
820	5	5	1	0:00:04.324205
821	5	5	1	0:00:04.321359
822	5	5	1	0:00:04.325594
823	5	5	1	0:00:04.330407
824	5	5	1	0:00:04.301714
825	5	5	1	0:00:04.329108
826	5	5	1	0:00:04.335424
827	5	5	1	0:00:04.323655
828	5	5	1	0:00:04.335036
829	5	5	1	0:00:04.328757
830	5	5	1	0:00:04.334646
831	5	5	1	0:00:04.316872
832	5	5	1	0:00:04.332557
833	5	5	1	0:00:04.348271
834	5	5	1	0:00:04.337369
835	5	5	1	0:00:04.332613
836	5	5	1	0:00:04.350811
837	0	5	0	0:00:04.329857
838	0	1	0	0:00:04.341824
839	0	1	0	0:00:04.332007
840	0	1	0	0:00:04.337972
841	0	1	0	0:00:04.350314
842	0	1	0	0:00:04.350651
843	0	1	0	0:00:04.341657
844	0	1	0	0:00:04.327962
845	0	1	0	0:00:04.326322
846	0	1	0	0:00:04.340685
847	0	1	0	0:00:04.334482
848	0	1	0	0:00:04.317506
849	0	1	0	0:00:04.329572
850	0	5	0	0:00:04.331267
851	0	1	0	0:00:04.326995
852	0	1	0	0:00:04.326468
853	0	1	0	0:00:04.322423
854	0	1	0	0:00:04.340462
855	0	1	0	0:00:04.344946
856	0	1	0	0:00:04.335256
857	0	1	0	0:00:04.336042
858	0	1	0	0:00:04.333071
859	0	1	0	0:00:04.325621
860	0	1	0	0:00:04.331617
861	0	1	0	0:00:04.318327
862	0	1	0	0:00:04.324125
863	2	1	0	0:00:04.332355
864	2	1	0	0:00:04.318758
865	2	1	0	0:00:04.327389
866	2	1	0	0:00:04.324458
867	2	5	0	0:00:04.330803
868	2	5	0	0:00:04.326458
869	2	1	0	0:00:04.314221
870	2	1	0	0:00:04.334986
871	2	1	0	0:00:04.338228
872	2	1	0	0:00:04.329649
873	2	1	0	0:00:04.344553
874	2	1	0	0:00:04.339813
875	2	1	0	0:00:04.338432
876	2	1	0	0:00:04.333955
877	1	5	0	0:00:04.329528
878	1	5	0	0:00:04.343282
879	1	1	1	0:00:04.348072
880	1	1	1	0:00:04.336296
881	1	1	1	0:00:04.348596
882	1	1	1	0:00:04.333069
883	1	-1	0	0:00:04.355249
884	1	1	1	0:00:04.337193
885	1	5	0	0:00:04.330396
886	1	5	0	0:00:04.322858
887	1	-1	0	0:00:04.330533
888	1	1	1	0:00:04.324341
889	1	1	1	0:00:04.339754
890	1	1	1	0:00:04.342133
891	1	1	1	0:00:04.331028
892	1	-1	0	0:00:04.318933
893	1	5	0	0:00:04.327285
894	1	-1	0	0:00:04.335034
895	1	5	0	0:00:04.341691
896	1	1	1	0:00:04.324722
897	1	1	1	0:00:04.351671
898	1	1	1	0:00:04.358930
899	1	1	1	0:00:04.338182
900	2	1	0	0:00:04.331620
901	2	1	0	0:00:04.328164
902	2	1	0	0:00:04.340064
903	2	1	0	0:00:04.325139
904	2	1	0	0:00:04.325135
905	2	1	0	0:00:04.334615
906	2	1	0	0:00:04.332474
907	4	4	1	0:00:04.331834
908	4	4	1	0:00:04.382593
909	4	4	1	0:00:04.388513
910	4	4	1	0:00:04.391435
911	4	4	1	0:00:04.385705
912	4	4	1	0:00:04.374707
913	4	4	1	0:00:04.343742
914	4	4	1	0:00:04.353523
915	4	4	1	0:00:04.359416
916	4	4	1	0:00:04.363631
917	4	4	1	0:00:04.358377
918	4	4	1	0:00:04.407108
919	4	4	1	0:00:04.383387
920	4	4	1	0:00:04.347249
921	4	4	1	0:00:04.350266
922	4	4	1	0:00:04.354942
923	4	4	1	0:00:04.349249
924	4	4	1	0:00:04.357694
925	4	4	1	0:00:04.341564
926	4	4	1	0:00:04.399999
927	4	4	1	0:00:04.424997
928	4	4	1	0:00:04.364425
929	4	4	1	0:00:04.381313
930	3	3	1	0:00:04.419172
931	3	3	1	0:00:04.354265
932	3	3	1	0:00:04.356102
933	3	3	1	0:00:04.346801
934	3	3	1	0:00:04.352476
935	3	3	1	0:00:04.360158
936	3	3	1	0:00:04.345254
937	3	3	1	0:00:04.350889
938	3	3	1	0:00:04.355521
939	3	3	1	0:00:04.352689
940	3	3	1	0:00:04.473003
941	3	3	1	0:00:04.317641
942	3	3	1	0:00:04.448948
943	3	3	1	0:00:04.473286
944	3	3	1	0:00:04.442930
945	3	3	1	0:00:04.480179
946	3	3	1	0:00:04.441790
947	3	3	1	0:00:04.397882
948	3	3	1	0:00:04.397153
949	3	3	1	0:00:04.386732
950	3	3	1	0:00:04.407850
951	3	3	1	0:00:04.388233
952	3	3	1	0:00:04.386245
953	3	3	1	0:00:04.394417
954	5	5	1	0:00:04.387307
955	5	5	1	0:00:04.390358
956	5	5	1	0:00:04.394933
957	5	5	1	0:00:04.393276
958	5	5	1	0:00:04.386703
959	5	5	1	0:00:04.375997
960	5	5	1	0:00:04.374822
961	5	5	1	0:00:04.374575
962	5	5	1	0:00:04.399572
963	5	5	1	0:00:04.394435
964	5	5	1	0:00:04.373638
965	5	5	1	0:00:04.372173
966	5	5	1	0:00:04.406397
967	5	5	1	0:00:04.399972
968	5	5	1	0:00:04.385730
969	5	5	1	0:00:04.395869
970	5	5	1	0:00:04.401392
971	5	5	1	0:00:04.394247
972	5	5	1	0:00:04.413564
973	5	5	1	0:00:04.403348
974	5	5	1	0:00:04.397909
975	5	5	1	0:00:04.375038
976	5	5	1	0:00:04.382643
977	5	5	1	0:00:04.390094
978	5	5	1	0:00:04.386840
979	5	5	1	0:00:04.390211
980	5	5	1	0:00:04.391029
981	5	5	1	0:00:04.380540
982	5	5	1	0:00:04.440248
983	5	5	1	0:00:04.444295
984	5	5	1	0:00:04.449317
985	0	1	0	0:00:05.033066
986	0	1	0	0:00:04.471206
987	0	1	0	0:00:04.398938
988	0	1	0	0:00:04.393829
989	0	1	0	0:00:04.340997
990	0	1	0	0:00:04.328674
991	0	1	0	0:00:04.315993
992	0	1	0	0:00:04.319626
993	0	1	0	0:00:04.335978
994	0	1	0	0:00:04.338552
995	0	1	0	0:00:04.363748
996	0	1	0	0:00:04.489259
997	0	-1	0	0:00:04.426838
998	0	-1	0	0:00:04.410484
999	0	1	0	0:00:04.410193
1000	0	1	0	0:00:04.414199
1001	0	1	0	0:00:04.398324
1002	0	1	0	0:00:04.378591
1003	0	1	0	0:00:04.409586
1004	0	1	0	0:00:04.384781
1005	0	1	0	0:00:04.588581
1006	0	1	0	0:00:04.662277
1007	0	1	0	0:00:04.380585
1008	0	1	0	0:00:04.373057
1009	0	1	0	0:00:04.376195
1010	0	1	0	0:00:04.376191
1011	0	1	0	0:00:04.374643
1012	2	1	0	0:00:04.371534
1013	2	-1	0	0:00:04.371671
1014	2	1	0	0:00:04.382047
1015	2	5	0	0:00:04.371702
1016	2	5	0	0:00:04.363915
1017	2	1	0	0:00:04.371403
1018	2	1	0	0:00:04.369211
1019	2	1	0	0:00:04.360812
1020	2	1	0	0:00:04.977582
1021	2	1	0	0:00:05.362263
1022	2	1	0	0:00:05.338712
1023	2	1	0	0:00:05.358938
1024	2	1	0	0:00:05.348003
1025	2	1	0	0:00:05.349689
1026	2	1	0	0:00:05.351669
1027	2	1	0	0:00:04.561010
1028	2	1	0	0:00:04.393900
1029	2	1	0	0:00:04.388836
1030	2	1	0	0:00:04.403740
1031	1	1	1	0:00:04.389303
1032	1	1	1	0:00:04.386638
1033	1	1	1	0:00:04.401937
1034	1	1	1	0:00:04.414053
1035	1	1	1	0:00:04.396288
1036	1	1	1	0:00:04.409207
1037	1	1	1	0:00:04.401324
1038	1	1	1	0:00:04.410241
1039	1	1	1	0:00:04.417739
1040	1	1	1	0:00:04.415166
1041	1	1	1	0:00:04.422235
1042	1	1	1	0:00:04.425451
1043	1	1	1	0:00:04.409645
1044	1	1	1	0:00:04.378961
1045	1	1	1	0:00:04.352930
1046	1	1	1	0:00:04.379478
1047	1	1	1	0:00:04.398283
1048	1	1	1	0:00:04.403323
1049	1	1	1	0:00:04.773966
1050	1	-1	0	0:00:04.535822
1051	1	1	1	0:00:04.559746
1052	1	1	1	0:00:04.560273
1053	1	5	0	0:00:04.572667
1054	4	3	0	0:00:04.550696
1055	4	3	0	0:00:04.495614
1056	4	3	0	0:00:04.500121
1057	4	3	0	0:00:04.514760
1058	4	3	0	0:00:04.494022
1059	4	3	0	0:00:04.520368
1060	4	3	0	0:00:04.516451
1061	4	3	0	0:00:04.446589
1062	4	3	0	0:00:04.453852
1063	4	3	0	0:00:04.520211
1064	4	3	0	0:00:04.441418
1065	4	3	0	0:00:04.475326
1066	4	3	0	0:00:04.488293
1067	4	3	0	0:00:04.457002
1068	4	3	0	0:00:04.455695
1069	4	3	0	0:00:04.470969
1070	4	3	0	0:00:04.497018
1071	4	3	0	0:00:04.445274
1072	4	3	0	0:00:04.624009
1073	4	3	0	0:00:04.477013
1074	4	3	0	0:00:04.478836
1075	3	4	0	0:00:04.516780
1076	3	4	0	0:00:04.514465
1077	3	4	0	0:00:04.510942
1078	3	4	0	0:00:04.509921
1079	3	4	0	0:00:04.519809
1080	3	4	0	0:00:04.467693
1081	3	4	0	0:00:04.477464
1082	3	4	0	0:00:04.562028
1083	3	4	0	0:00:04.469247
1084	3	4	0	0:00:04.470934
1085	3	4	0	0:00:04.453739
1086	3	4	0	0:00:04.506423
1087	3	4	0	0:00:04.509360
1088	3	4	0	0:00:04.519196
1089	3	4	0	0:00:04.482412
1090	3	4	0	0:00:04.501144
1091	3	4	0	0:00:04.465625
1092	3	3	1	0:00:04.463953
1093	3	4	0	0:00:04.549437
1094	3	-1	0	0:00:04.471789
1095	3	3	1	0:00:04.494690
1096	3	3	1	0:00:04.478565
1097	3	-1	0	0:00:04.484538
1098	3	4	0	0:00:04.520743
1099	3	4	0	0:00:04.480706
1100	3	-1	0	0:00:04.480086
1101	3	-1	0	0:00:04.764470
1102	3	-1	0	0:00:05.487508
1103	3	-1	0	0:00:05.492067
1104	3	3	1	0:00:05.493442
1105	5	5	1	0:00:05.472111
1106	5	5	1	0:00:05.491425
1107	5	5	1	0:00:05.497895
1108	5	5	1	0:00:05.475556
1109	5	5	1	0:00:05.463464
1110	5	5	1	0:00:05.542666
1111	5	5	1	0:00:05.499766
1112	5	5	1	0:00:05.136829
1113	5	5	1	0:00:04.466677
1114	5	5	1	0:00:04.458647
1115	5	5	1	0:00:04.470037
1116	5	5	1	0:00:04.519721
1117	5	5	1	0:00:04.477713
1118	5	5	1	0:00:04.493801
1119	5	5	1	0:00:04.518337
1120	5	5	1	0:00:04.506438
1121	5	5	1	0:00:04.486093
1122	5	5	1	0:00:04.465530
1123	5	5	1	0:00:04.444366
1124	5	5	1	0:00:04.440769
1125	5	5	1	0:00:04.444154
1126	5	5	1	0:00:04.465324
1127	5	5	1	0:00:04.500729
1128	5	5	1	0:00:04.465536
1129	5	5	1	0:00:04.513342
1130	5	5	1	0:00:04.477403
1131	5	5	1	0:00:04.478321
1132	0	1	0	0:00:04.500149
1133	0	1	0	0:00:04.468661
1134	0	1	0	0:00:04.487052
1135	0	1	0	0:00:04.488788
1136	0	1	0	0:00:04.500739
1137	0	1	0	0:00:04.500049
1138	0	1	0	0:00:04.475359
1139	0	1	0	0:00:04.520423
1140	0	1	0	0:00:04.509111
1141	0	1	0	0:00:04.514307
1142	0	1	0	0:00:04.566551
1143	0	1	0	0:00:04.611203
1144	0	1	0	0:00:04.537172
1145	0	1	0	0:00:04.532783
1146	0	1	0	0:00:04.580792
1147	0	1	0	0:00:04.617933
1148	0	1	0	0:00:04.561464
1149	0	1	0	0:00:04.571614
1150	0	1	0	0:00:04.595261
1151	0	1	0	0:00:04.561798
1152	0	1	0	0:00:04.524891
1153	0	1	0	0:00:04.503044
1154	0	1	0	0:00:04.500251
1155	0	1	0	0:00:04.535496
1156	0	1	0	0:00:04.564381
1157	0	1	0	0:00:04.533896
1158	2	1	0	0:00:04.477931
1159	2	-1	0	0:00:04.560283
1160	2	1	0	0:00:04.594787
1161	2	1	0	0:00:04.668478
1162	2	1	0	0:00:04.536124
1163	2	1	0	0:00:04.504598
1164	2	1	0	0:00:04.534713
1165	2	1	0	0:00:04.508664
1166	2	1	0	0:00:04.588447
1167	2	1	0	0:00:04.928540
1168	2	5	0	0:00:04.747609
1169	2	1	0	0:00:04.892052
1170	2	1	0	0:00:04.858159
1171	2	1	0	0:00:04.791965
1172	2	1	0	0:00:04.829969
1173	2	1	0	0:00:05.036208
1174	2	1	0	0:00:05.161386
1175	2	1	0	0:00:05.183496
1176	2	1	0	0:00:05.187886
1177	1	1	1	0:00:05.286581
1178	1	1	1	0:00:05.044098
1179	1	1	1	0:00:04.799622
1180	1	1	1	0:00:04.906553
1181	1	1	1	0:00:04.837565
1182	1	1	1	0:00:04.849134
1183	1	1	1	0:00:04.893905
1184	1	1	1	0:00:04.855055
1185	1	1	1	0:00:05.020825
1186	1	1	1	0:00:05.174536
1187	1	1	1	0:00:04.837493
1188	1	1	1	0:00:04.979882
1189	1	1	1	0:00:04.847307
1190	1	1	1	0:00:04.973193
1191	1	1	1	0:00:04.872812
1192	1	1	1	0:00:04.795581
1193	1	1	1	0:00:04.967700
1194	1	1	1	0:00:05.277632
1195	1	1	1	0:00:05.100660
1196	1	1	1	0:00:04.823481
1197	1	1	1	0:00:04.902153
1198	1	1	1	0:00:05.087414
1199	1	1	1	0:00:05.146752
1200	1	1	1	0:00:04.961280
1201	4	4	1	0:00:05.026904
1202	4	3	0	0:00:04.907908
1203	4	3	0	0:00:05.008165
1204	4	3	0	0:00:05.034394
1205	4	3	0	0:00:04.930665
1206	4	3	0	0:00:05.034473
1207	4	3	0	0:00:05.269796
1208	4	3	0	0:00:05.021566
1209	4	3	0	0:00:05.200284
1210	4	3	0	0:00:05.345751
1211	4	3	0	0:00:05.388369
1212	4	4	1	0:00:04.906679
1213	4	4	1	0:00:04.886319
1214	4	4	1	0:00:05.096765
1215	4	4	1	0:00:05.108992
1216	4	4	1	0:00:04.866839
1217	4	4	1	0:00:05.023412
1218	4	4	1	0:00:05.060277
1219	4	4	1	0:00:05.028053
1220	4	4	1	0:00:04.901178
1221	4	4	1	0:00:05.300152
1222	4	4	1	0:00:04.973941
1223	4	4	1	0:00:05.511956
1224	4	4	1	0:00:05.441756
1225	4	4	1	0:00:05.308245
1226	4	4	1	0:00:05.488848
1227	4	4	1	0:00:05.127022
1228	3	3	1	0:00:05.062968
1229	3	3	1	0:00:05.095158
1230	3	3	1	0:00:05.797442
1231	3	3	1	0:00:06.269837
1232	3	3	1	0:00:05.155058
1233	3	3	1	0:00:05.019596
1234	3	3	1	0:00:05.032513
1235	3	3	1	0:00:04.978525
1236	3	3	1	0:00:05.356492
1237	3	3	1	0:00:05.070156
1238	3	3	1	0:00:05.154320
1239	3	3	1	0:00:04.991002
1240	3	3	1	0:00:05.023622
1241	3	3	1	0:00:04.953502
1242	3	3	1	0:00:05.158697
1243	3	3	1	0:00:05.051396
1244	3	3	1	0:00:05.058159
1245	3	3	1	0:00:05.314701
1246	3	3	1	0:00:04.909674
1247	3	3	1	0:00:05.101320
1248	3	3	1	0:00:04.958425
1249	3	3	1	0:00:05.037711
1250	3	3	1	0:00:05.317645
1251	3	3	1	0:00:05.502765
1252	3	3	1	0:00:05.228562
1253	3	3	1	0:00:04.988095
1254	3	3	1	0:00:05.113465
1255	3	3	1	0:00:05.040389
1256	5	5	1	0:00:05.347762
1257	5	5	1	0:00:04.968112
1258	5	5	1	0:00:05.238930
1259	5	5	1	0:00:04.868914
1260	5	5	1	0:00:04.871844
1261	5	5	1	0:00:04.867282
1262	5	5	1	0:00:04.942057
1263	5	5	1	0:00:04.887669
1264	5	5	1	0:00:04.852727
1265	5	5	1	0:00:04.856079
1266	5	5	1	0:00:04.946554
1267	5	5	1	0:00:04.954424
1268	5	5	1	0:00:05.062511
1269	5	5	1	0:00:04.998621
1270	5	5	1	0:00:04.894378
1271	5	5	1	0:00:04.809145
1272	5	5	1	0:00:04.892134
1273	5	5	1	0:00:04.886694
1274	5	5	1	0:00:04.854195
1275	5	5	1	0:00:04.841666
1276	5	5	1	0:00:05.024790
1277	5	5	1	0:00:04.926404
1278	5	5	1	0:00:04.855933
1279	5	5	1	0:00:04.897583
1280	5	5	1	0:00:04.805184
1281	5	5	1	0:00:04.832093
1282	5	5	1	0:00:05.057141
1283	0	1	0	0:00:04.836109
1284	0	1	0	0:00:04.857333
1285	0	1	0	0:00:04.789181
1286	0	1	0	0:00:04.824801
1287	0	1	0	0:00:04.834718
1288	0	1	0	0:00:04.906939
1289	0	1	0	0:00:04.687466
1290	0	1	0	0:00:04.686428
1291	0	1	0	0:00:04.910984
1292	0	1	0	0:00:04.841144
1293	0	1	0	0:00:04.564547
1294	0	1	0	0:00:04.527809
1295	0	1	0	0:00:04.552510
1296	0	1	0	0:00:04.548183
1297	0	-1	0	0:00:04.569696
1298	0	1	0	0:00:04.750363
1299	0	1	0	0:00:04.566207
1300	0	1	0	0:00:04.625789
1301	0	1	0	0:00:04.512646
1302	0	1	0	0:00:04.630541
1303	0	1	0	0:00:04.646397
1304	0	1	0	0:00:04.498885
1305	0	1	0	0:00:04.389235
1306	0	1	0	0:00:04.378278
1307	0	1	0	0:00:04.371855
1308	0	1	0	0:00:04.379396
1309	0	1	0	0:00:04.375367
1310	2	1	0	0:00:04.373667
1311	2	1	0	0:00:04.374589
1312	2	1	0	0:00:04.376876
1313	2	1	0	0:00:04.392465
1314	2	1	0	0:00:04.379910
1315	2	1	0	0:00:04.459742
1316	2	1	0	0:00:04.460221
1317	2	1	0	0:00:04.487440
1318	2	1	0	0:00:04.459994
1319	2	1	0	0:00:04.463712
1320	2	1	0	0:00:04.653620
1321	2	1	0	0:00:04.455162
1322	2	1	0	0:00:04.583915
1323	2	1	0	0:00:04.453129
1324	2	1	0	0:00:04.424578
1325	2	1	0	0:00:04.375304
1326	2	1	0	0:00:04.385848
1327	2	1	0	0:00:04.449101
1328	2	1	0	0:00:04.444151
1329	2	1	0	0:00:04.416718
1330	2	1	0	0:00:04.365611
1331	2	1	0	0:00:04.342069
1332	2	1	0	0:00:04.368550
1333	2	1	0	0:00:04.333889
1334	2	1	0	0:00:04.343100
1335	1	1	1	0:00:04.349157
1336	1	1	1	0:00:04.337760
1337	1	1	1	0:00:04.344197
1338	1	1	1	0:00:04.337175
1339	1	1	1	0:00:04.358918
1340	1	1	1	0:00:04.716673
1341	1	1	1	0:00:05.227075
1342	1	1	1	0:00:05.240588
1343	1	1	1	0:00:05.233118
1344	1	1	1	0:00:05.217535
1345	1	1	1	0:00:05.196430
1346	1	1	1	0:00:04.356594
1347	1	1	1	0:00:04.349616
1348	1	1	1	0:00:04.346617
1349	1	1	1	0:00:04.343266
1350	1	1	1	0:00:04.334753
1351	1	1	1	0:00:04.346485
1352	1	1	1	0:00:04.331595
1353	1	1	1	0:00:04.339876
1354	1	1	1	0:00:04.338898
1355	1	1	1	0:00:04.344565
1356	1	1	1	0:00:04.338803
1357	1	1	1	0:00:04.323623
1358	1	1	1	0:00:04.340744
1359	1	1	1	0:00:04.340983
1360	1	1	1	0:00:04.336787
1361	1	1	1	0:00:04.335625
1362	4	1	0	0:00:04.349869
1363	4	1	0	0:00:04.341247
1364	4	4	1	0:00:04.338779
1365	4	4	1	0:00:04.336687
1366	4	4	1	0:00:04.336477
1367	4	4	1	0:00:04.319741
1368	4	4	1	0:00:04.312518
1369	4	4	1	0:00:04.330724
1370	4	4	1	0:00:04.325513
1371	4	4	1	0:00:04.319235
1372	4	4	1	0:00:04.313711
1373	4	4	1	0:00:04.306617
1374	4	4	1	0:00:04.325239
1375	4	4	1	0:00:04.324031
1376	4	4	1	0:00:04.330498
1377	4	4	1	0:00:04.324413
1378	4	4	1	0:00:04.307196
1379	4	4	1	0:00:04.318716
1380	4	4	1	0:00:04.307969
1381	4	4	1	0:00:04.309632
1382	4	4	1	0:00:04.321015
1383	4	4	1	0:00:04.318358
1384	4	4	1	0:00:04.315384
1385	4	4	1	0:00:04.334519
1386	4	4	1	0:00:04.455164
1387	4	4	1	0:00:04.424821
1388	4	4	1	0:00:04.430542
1389	4	4	1	0:00:04.397732
1390	4	3	0	0:00:04.390165
1391	4	3	0	0:00:04.378396
1392	4	4	1	0:00:04.355752
1393	4	4	1	0:00:04.378782
1394	4	4	1	0:00:04.375141
1395	4	4	1	0:00:04.368821
1396	3	3	1	0:00:04.371955
1397	3	3	1	0:00:04.363939
1398	3	3	1	0:00:04.376366
1399	3	3	1	0:00:04.368318
1400	3	3	1	0:00:04.381158
1401	3	3	1	0:00:04.382578
1402	3	3	1	0:00:04.374072
1403	3	3	1	0:00:04.387366
1404	3	3	1	0:00:04.359304
1405	3	3	1	0:00:04.332989
1406	3	3	1	0:00:04.317766
1407	3	3	1	0:00:04.323959
1408	3	3	1	0:00:04.299003
1409	3	3	1	0:00:04.313996
1410	3	3	1	0:00:04.306696
1411	3	3	1	0:00:04.312554
1412	3	3	1	0:00:04.304716
1413	3	3	1	0:00:04.290169
1414	3	3	1	0:00:04.308849
1415	3	3	1	0:00:04.306701
1416	3	3	1	0:00:04.290336
1417	3	3	1	0:00:04.330559
1418	3	3	1	0:00:04.330520
1419	5	5	1	0:00:04.316511
1420	5	5	1	0:00:04.307199
1421	5	5	1	0:00:04.319824
1422	5	5	1	0:00:04.324720
1423	5	5	1	0:00:04.320851
1424	5	5	1	0:00:04.312606
1425	5	5	1	0:00:04.324670
1426	5	5	1	0:00:04.320317
1427	5	5	1	0:00:04.317430
1428	5	5	1	0:00:04.329628
1429	5	5	1	0:00:04.337072
1430	5	5	1	0:00:04.336049
1431	5	5	1	0:00:04.355455
1432	5	5	1	0:00:04.348044
1433	5	5	1	0:00:04.344496
1434	5	5	1	0:00:04.339645
1435	5	5	1	0:00:04.355126
1436	5	5	1	0:00:04.347893
1437	5	5	1	0:00:04.331023
1438	5	5	1	0:00:04.345977
1439	5	5	1	0:00:04.344606
1440	5	5	1	0:00:04.332413
1441	5	5	1	0:00:04.339788
1442	5	5	1	0:00:04.340616
1443	5	5	1	0:00:04.345006
1444	5	5	1	0:00:04.338826
1445	5	5	1	0:00:04.366282
1446	5	5	1	0:00:04.346214
1447	5	5	1	0:00:04.346975
1448	5	5	1	0:00:04.333540
1449	5	5	1	0:00:04.347303
1450	5	5	1	0:00:04.346225
1451	5	5	1	0:00:04.337631
1452	0	5	0	0:00:04.352000
1453	0	1	0	0:00:04.336431
1454	0	1	0	0:00:04.336229
1455	0	1	0	0:00:04.359830
1456	0	1	0	0:00:04.340555
1457	0	1	0	0:00:04.344416
1458	0	1	0	0:00:04.338246
1459	0	1	0	0:00:04.353319
1460	0	1	0	0:00:04.347096
1461	0	1	0	0:00:04.335074
1462	0	1	0	0:00:04.344888
1463	0	1	0	0:00:04.343128
1464	0	1	0	0:00:04.336916
1465	0	1	0	0:00:04.339914
1466	0	1	0	0:00:04.342362
1467	0	1	0	0:00:04.403206
1468	0	1	0	0:00:04.390501
1469	0	1	0	0:00:04.399247
1470	0	1	0	0:00:04.402963
1471	0	1	0	0:00:04.401387
1472	0	1	0	0:00:04.400537
1473	0	1	0	0:00:04.442169
1474	0	1	0	0:00:04.435527
1475	2	1	0	0:00:04.418397
1476	2	1	0	0:00:04.425462
1477	2	1	0	0:00:04.410343
1478	2	1	0	0:00:04.388006
1479	2	1	0	0:00:04.385260
1480	2	1	0	0:00:04.378851
1481	2	1	0	0:00:04.383562
1482	2	1	0	0:00:04.386712
1483	2	1	0	0:00:04.387228
1484	2	1	0	0:00:04.392445
1485	2	1	0	0:00:04.376840
1486	2	1	0	0:00:04.393340
1487	2	1	0	0:00:04.402936
1488	2	1	0	0:00:04.375998
1489	2	1	0	0:00:04.387183
1490	2	1	0	0:00:04.387400
1491	2	1	0	0:00:04.386971
1492	2	1	0	0:00:04.383085
1493	2	1	0	0:00:04.379405
1494	2	1	0	0:00:04.384168
1495	2	1	0	0:00:04.384281
1496	1	1	1	0:00:04.381147
1497	1	1	1	0:00:04.388111
1498	1	1	1	0:00:04.398082
1499	1	1	1	0:00:04.394859
1500	1	1	1	0:00:04.406017
1501	1	1	1	0:00:04.392225
1502	1	1	1	0:00:04.390541
1503	1	1	1	0:00:04.401219
1504	1	1	1	0:00:04.394063
1505	1	1	1	0:00:04.397018
1506	1	1	1	0:00:04.395867
1507	1	1	1	0:00:04.396717
1508	1	1	1	0:00:04.397095
1509	1	1	1	0:00:04.385191
1510	1	1	1	0:00:04.391646
1511	1	1	1	0:00:04.403438
1512	1	1	1	0:00:04.389432
1513	1	1	1	0:00:04.392036
1514	1	1	1	0:00:04.385225
1515	1	1	1	0:00:04.384173
1516	1	1	1	0:00:04.376486
1517	1	1	1	0:00:04.397063
1518	1	1	1	0:00:04.392719
1519	1	-1	0	0:00:04.388630
1520	1	1	1	0:00:04.384537
1521	4	4	1	0:00:04.393106
1522	4	4	1	0:00:04.389826
1523	4	4	1	0:00:04.390678
1524	4	4	1	0:00:04.394858
1525	4	4	1	0:00:04.385709
1526	4	4	1	0:00:04.392721
1527	4	4	1	0:00:04.399439
1528	4	4	1	0:00:04.377794
1529	4	4	1	0:00:04.387497
1530	4	4	1	0:00:04.386966
1531	4	4	1	0:00:04.390245
1532	4	4	1	0:00:04.383205
1533	4	4	1	0:00:04.388350
1534	4	4	1	0:00:04.390447
1535	4	4	1	0:00:04.387962
1536	4	4	1	0:00:04.376580
1537	4	4	1	0:00:04.379702
1538	4	4	1	0:00:04.384102
1539	4	4	1	0:00:04.383525
1540	4	4	1	0:00:04.388013
1541	4	4	1	0:00:04.394573
1542	4	4	1	0:00:04.392166
1543	4	4	1	0:00:04.377874
1544	4	4	1	0:00:04.374114
1545	4	4	1	0:00:04.386858
1546	4	4	1	0:00:04.376794
1547	4	-1	0	0:00:04.386646
1548	3	3	1	0:00:04.388125
1549	3	3	1	0:00:04.378315
1550	3	3	1	0:00:04.381917
1551	3	3	1	0:00:04.389681
1552	3	3	1	0:00:04.378282
1553	3	3	1	0:00:04.382535
1554	3	3	1	0:00:04.394520
1555	3	3	1	0:00:04.395522
1556	3	3	1	0:00:04.389820
1557	3	3	1	0:00:04.375927
1558	3	3	1	0:00:04.386802
1559	3	3	1	0:00:04.382452
1560	3	3	1	0:00:04.369823
1561	3	4	0	0:00:04.381669
1562	3	3	1	0:00:04.383477
1563	3	3	1	0:00:04.380334
1564	3	3	1	0:00:04.388397
1565	3	3	1	0:00:04.361285
1566	3	3	1	0:00:04.343986
1567	3	3	1	0:00:04.354842
1568	3	3	1	0:00:04.344923
1569	3	3	1	0:00:04.361497
1570	3	3	1	0:00:04.347802
1571	3	3	1	0:00:04.346071
1572	5	5	1	0:00:04.347311
1573	5	5	1	0:00:04.342443
1574	5	5	1	0:00:04.343774
1575	5	5	1	0:00:04.389409
1576	5	5	1	0:00:04.376341
1577	5	5	1	0:00:04.388207
1578	5	5	1	0:00:04.377637
1579	5	5	1	0:00:04.342202
1580	5	5	1	0:00:04.340747
1581	5	5	1	0:00:04.363725
1582	5	5	1	0:00:04.358093
1583	5	5	1	0:00:04.378076
1584	5	5	1	0:00:04.370496
1585	5	5	1	0:00:04.379359
1586	5	5	1	0:00:04.380521
1587	5	5	1	0:00:04.383317
1588	5	5	1	0:00:04.384723
1589	5	5	1	0:00:04.388370
1590	5	5	1	0:00:04.393378
1591	5	5	1	0:00:04.377449
1592	5	5	1	0:00:04.375984
1593	5	5	1	0:00:04.433913
1594	5	5	1	0:00:04.377522
1595	5	5	1	0:00:04.372983
1596	5	5	1	0:00:04.398635
1597	5	5	1	0:00:04.381492
1598	5	5	1	0:00:04.386065
1599	5	5	1	0:00:04.384095
1600	5	5	1	0:00:04.385978
1601	5	5	1	0:00:04.388722
1602	5	5	1	0:00:04.381340
1603	5	5	1	0:00:04.390790
1604	5	5	1	0:00:04.391296
1605	0	1	0	0:00:04.379541
1606	0	1	0	0:00:04.397479
1607	0	1	0	0:00:04.386583
1608	0	1	0	0:00:04.387265
1609	0	1	0	0:00:04.390248
1610	0	1	0	0:00:04.392218
1611	0	1	0	0:00:04.398686
1612	0	1	0	0:00:04.404169
1613	0	1	0	0:00:04.391256
1614	0	1	0	0:00:04.759617
1615	0	1	0	0:00:04.389128
1616	0	1	0	0:00:04.497066
1617	0	1	0	0:00:04.576300
1618	0	1	0	0:00:04.394382
1619	0	1	0	0:00:04.389340
1620	0	1	0	0:00:04.383990
1621	0	1	0	0:00:04.391613
1622	0	1	0	0:00:04.405636
1623	0	1	0	0:00:04.398338
1624	0	1	0	0:00:04.383420
1625	0	1	0	0:00:04.390803
1626	0	1	0	0:00:04.401770
1627	0	1	0	0:00:04.553954
1628	0	1	0	0:00:04.384110
1629	0	1	0	0:00:04.381832
1630	0	1	0	0:00:04.390340
1631	0	1	0	0:00:04.375875
1632	0	1	0	0:00:04.374213
1633	0	1	0	0:00:04.508412
1634	0	1	0	0:00:04.349281
1635	2	1	0	0:00:04.331259
1636	2	1	0	0:00:04.326841
1637	2	1	0	0:00:04.326023
1638	2	1	0	0:00:04.334997
1639	2	5	0	0:00:04.342742
1640	2	1	0	0:00:04.336855
1641	2	1	0	0:00:04.331955
1642	2	1	0	0:00:04.325239
1643	2	1	0	0:00:04.363806
1644	2	5	0	0:00:04.373741
1645	2	1	0	0:00:04.331789
1646	2	1	0	0:00:04.342742
1647	2	1	0	0:00:04.341307
1648	2	5	0	0:00:04.337222
1649	2	5	0	0:00:04.331663
1650	2	5	0	0:00:04.330940
1651	2	1	0	0:00:04.331905
1652	2	1	0	0:00:04.333509
1653	2	1	0	0:00:04.324675
1654	2	1	0	0:00:04.339790
1655	2	1	0	0:00:04.337327
1656	2	1	0	0:00:04.331279
1657	2	1	0	0:00:04.338008
1658	2	1	0	0:00:04.333097
1659	2	1	0	0:00:04.333760
1660	2	1	0	0:00:04.337234
1661	2	1	0	0:00:04.326092
1662	1	5	0	0:00:04.329807
1663	1	5	0	0:00:04.331665
1664	1	1	1	0:00:04.332057
1665	1	-1	0	0:00:04.341769
1666	1	-1	0	0:00:04.331194
1667	1	1	1	0:00:04.342231
1668	1	-1	0	0:00:04.331605
1669	1	1	1	0:00:04.325095
1670	1	1	1	0:00:04.337819
1671	1	1	1	0:00:04.335928
1672	1	1	1	0:00:04.326044
1673	1	5	0	0:00:04.330065
1674	1	5	0	0:00:04.323684
1675	1	5	0	0:00:04.341858
1676	1	-1	0	0:00:04.332665
1677	1	1	1	0:00:04.329361
1678	1	1	1	0:00:04.339087
1679	1	1	1	0:00:04.333746
1680	1	1	1	0:00:04.323210
1681	1	1	1	0:00:04.339141
1682	1	5	0	0:00:04.335185
1683	1	-1	0	0:00:04.335083
1684	1	1	1	0:00:04.328610
1685	1	1	1	0:00:04.350080
1686	1	1	1	0:00:04.350596
1687	1	1	1	0:00:04.332778
1688	1	1	1	0:00:04.326550
1689	1	-1	0	0:00:04.333576
1690	1	1	1	0:00:04.350651
1691	1	1	1	0:00:04.339291
1692	1	5	0	0:00:04.335113
1693	4	3	0	0:00:04.330246
1694	4	-1	0	0:00:04.332392
1695	4	4	1	0:00:04.337305
1696	4	4	1	0:00:04.328365
1697	4	4	1	0:00:04.329051
1698	4	-1	0	0:00:04.324176
1699	4	4	1	0:00:04.330745
1700	4	4	1	0:00:04.332822
1701	4	4	1	0:00:04.327087
1702	4	4	1	0:00:04.330691
1703	4	4	1	0:00:04.367920
1704	4	4	1	0:00:04.345713
1705	4	4	1	0:00:04.355900
1706	4	4	1	0:00:04.351141
1707	4	4	1	0:00:04.350939
1708	4	4	1	0:00:04.345858
1709	4	4	1	0:00:04.330513
1710	4	4	1	0:00:04.355193
1711	4	4	1	0:00:04.338986
1712	4	4	1	0:00:04.332204
1713	4	4	1	0:00:04.350462
1714	4	4	1	0:00:04.360278
1715	4	4	1	0:00:04.347722
1716	4	4	1	0:00:04.345535
1717	4	4	1	0:00:04.338714
1718	4	4	1	0:00:04.359618
1719	4	4	1	0:00:04.342854
1720	4	4	1	0:00:04.333105
1721	4	4	1	0:00:04.354556
1722	4	4	1	0:00:04.337136
1723	3	3	1	0:00:04.342670
1724	3	3	1	0:00:04.334680
1725	3	3	1	0:00:04.329057
1726	3	3	1	0:00:04.339870
1727	3	3	1	0:00:04.338545
1728	3	3	1	0:00:04.329080
1729	3	3	1	0:00:04.359837
1730	3	3	1	0:00:04.339885
1731	3	3	1	0:00:04.348700
1732	3	3	1	0:00:04.387164
1733	3	3	1	0:00:04.374699
1734	3	3	1	0:00:04.367537
1735	3	3	1	0:00:04.336157
1736	3	3	1	0:00:04.323281
1737	3	3	1	0:00:04.352623
1738	3	3	1	0:00:04.336764
1739	3	3	1	0:00:04.335342
1740	3	3	1	0:00:04.336966
1741	3	3	1	0:00:04.352619
1742	3	3	1	0:00:04.353901
1743	3	3	1	0:00:04.345234
1744	3	3	1	0:00:04.352285
1745	3	3	1	0:00:04.363289
1746	3	3	1	0:00:04.341091
1747	3	3	1	0:00:04.339467
1748	5	5	1	0:00:04.388897
1749	5	5	1	0:00:04.349192
1750	5	5	1	0:00:04.338185
1751	5	5	1	0:00:04.335444
1752	5	5	1	0:00:04.354862
1753	5	5	1	0:00:04.416039
1754	5	5	1	0:00:04.388188
1755	5	5	1	0:00:04.417631
1756	5	5	1	0:00:04.417457
1757	5	5	1	0:00:04.415530
1758	5	5	1	0:00:04.414319
1759	5	5	1	0:00:04.382648
1760	5	5	1	0:00:04.381872
1761	5	5	1	0:00:04.385767
1762	5	5	1	0:00:04.394720
1763	5	5	1	0:00:04.391548
1764	5	5	1	0:00:04.395318
1765	5	5	1	0:00:04.402046
1766	5	5	1	0:00:04.416075
1767	5	5	1	0:00:04.383632
1768	5	5	1	0:00:04.389681
1769	5	5	1	0:00:04.402548
1770	5	5	1	0:00:04.420516
1771	5	5	1	0:00:05.313191
1772	5	5	1	0:00:04.408565
1773	5	5	1	0:00:04.407298
1774	5	5	1	0:00:04.405375
1775	5	5	1	0:00:04.390767
1776	5	5	1	0:00:04.390584
1777	0	5	0	0:00:04.397723
1778	0	5	0	0:00:04.390033
1779	0	1	0	0:00:04.424791
1780	0	1	0	0:00:04.400120
1781	0	1	0	0:00:04.395911
1782	0	1	0	0:00:04.387625
1783	0	1	0	0:00:04.391790
1784	0	1	0	0:00:04.382297
1785	0	-1	0	0:00:04.400473
1786	0	1	0	0:00:04.385324
1787	0	-1	0	0:00:04.396289
1788	0	1	0	0:00:04.395979
1789	0	5	0	0:00:04.378510
1790	0	1	0	0:00:04.389294
1791	0	1	0	0:00:04.391710
1792	0	1	0	0:00:04.392153
1793	0	1	0	0:00:04.409668
1794	0	1	0	0:00:04.410313
1795	0	-1	0	0:00:04.411306
1796	0	1	0	0:00:04.403880
1797	0	-1	0	0:00:04.422334
1798	0	-1	0	0:00:04.425282
1799	0	1	0	0:00:04.419893
1800	0	1	0	0:00:04.412472
1801	0	-1	0	0:00:04.405649
1802	0	1	0	0:00:04.398450
1803	0	1	0	0:00:04.412967
1804	2	1	0	0:00:04.404343
1805	2	1	0	0:00:04.389950
1806	2	1	0	0:00:04.421493
1807	2	1	0	0:00:04.400594
1808	2	1	0	0:00:05.484097
1809	2	1	0	0:00:05.461366
1810	2	1	0	0:00:05.464359
1811	2	1	0	0:00:05.461657
1812	2	1	0	0:00:05.486054
1813	2	5	0	0:00:05.481425
1814	2	5	0	0:00:05.547571
1815	2	1	0	0:00:06.839613
1816	2	1	0	0:00:06.817147
1817	2	1	0	0:00:05.692190
1818	2	1	0	0:00:05.455512
1819	2	1	0	0:00:05.592711
1820	2	1	0	0:00:06.148011
1821	2	1	0	0:00:05.492050
1822	2	1	0	0:00:05.483229
1823	2	1	0	0:00:05.447679
1824	1	-1	0	0:00:04.420471
1825	1	-1	0	0:00:04.452372
1826	1	1	1	0:00:04.909549
1827	1	1	1	0:00:05.138076
1828	1	1	1	0:00:04.611839
1829	1	1	1	0:00:04.400247
1830	1	-1	0	0:00:04.407917
1831	1	3	0	0:00:04.418792
1832	1	-1	0	0:00:04.398325
1833	1	3	0	0:00:04.405195
1834	1	1	1	0:00:04.427127
1835	1	1	1	0:00:04.395947
1836	1	1	1	0:00:04.393975
1837	1	1	1	0:00:04.403985
1838	1	1	1	0:00:04.415290
1839	1	-1	0	0:00:04.448111
1840	1	5	0	0:00:04.769451
1841	1	-1	0	0:00:05.036966
1842	1	1	1	0:00:04.797036
1843	1	1	1	0:00:04.932581
1844	1	1	1	0:00:04.902161
1845	1	1	1	0:00:04.928072
1846	1	-1	0	0:00:05.014382
1847	1	-1	0	0:00:04.924721
1848	4	3	0	0:00:04.933454
1849	4	3	0	0:00:05.285761
1850	4	3	0	0:00:05.056089
1851	4	3	0	0:00:04.994953
1852	4	3	0	0:00:05.462228
1853	4	3	0	0:00:04.811617
1854	4	-1	0	0:00:04.901765
1855	4	4	1	0:00:04.885552
1856	4	4	1	0:00:04.899720
1857	4	4	1	0:00:04.929406
1858	4	-1	0	0:00:05.074177
1859	4	-1	0	0:00:05.174645
1860	4	4	1	0:00:05.847354
1861	4	4	1	0:00:05.571492
1862	4	4	1	0:00:05.278631
1863	4	4	1	0:00:05.415930
1864	4	4	1	0:00:05.539039
1865	4	-1	0	0:00:05.287757
1866	4	4	1	0:00:05.404872
1867	4	4	1	0:00:05.155942
1868	4	-1	0	0:00:05.025365
1869	4	4	1	0:00:04.916535
1870	4	4	1	0:00:04.723134
1871	4	4	1	0:00:04.713105
1872	4	4	1	0:00:04.984833
1873	4	4	1	0:00:04.866509
1874	4	4	1	0:00:05.326940
1875	4	4	1	0:00:06.077157
1876	4	4	1	0:00:06.001133
1877	4	4	1	0:00:05.735017
1878	4	4	1	0:00:04.789472
1879	4	4	1	0:00:04.945712
1880	4	4	1	0:00:04.929298
1881	4	4	1	0:00:05.186987
1882	4	4	1	0:00:05.318015
1883	4	4	1	0:00:04.776175
1884	4	4	1	0:00:04.775022
1885	4	4	1	0:00:04.799145
1886	4	4	1	0:00:04.887359
1887	4	4	1	0:00:04.714570
1888	3	3	1	0:00:04.917140
1889	3	3	1	0:00:04.790817
1890	3	3	1	0:00:05.278506
1891	3	3	1	0:00:05.392314
1892	3	3	1	0:00:04.982009
1893	3	3	1	0:00:04.806263
1894	3	3	1	0:00:04.851022
1895	3	3	1	0:00:04.868547
1896	3	3	1	0:00:04.935390
1897	3	3	1	0:00:04.709633
1898	3	3	1	0:00:04.879397
1899	3	3	1	0:00:05.112641
1900	3	3	1	0:00:04.774240
1901	3	3	1	0:00:04.918452
1902	3	3	1	0:00:04.754601
1903	3	3	1	0:00:05.368400
1904	3	3	1	0:00:05.959483
1905	3	3	1	0:00:05.075778
1906	3	3	1	0:00:04.835474
1907	3	3	1	0:00:04.699532
1908	3	3	1	0:00:04.846161
1909	3	3	1	0:00:05.077759
1910	3	3	1	0:00:04.889420
1911	3	3	1	0:00:04.817302
1912	3	3	1	0:00:04.772059
1913	3	3	1	0:00:04.900084
1914	3	3	1	0:00:05.003337
1915	3	3	1	0:00:04.893182
1916	3	3	1	0:00:04.838450
1917	3	3	1	0:00:04.984256
1918	5	5	1	0:00:04.826431
1919	5	5	1	0:00:04.960010
1920	5	5	1	0:00:04.795177
1921	5	5	1	0:00:04.833620
1922	5	5	1	0:00:04.751700
1923	5	5	1	0:00:04.661824
1924	5	5	1	0:00:04.764173
1925	5	5	1	0:00:04.802542
1926	5	5	1	0:00:04.943812
1927	5	5	1	0:00:04.844973
1928	5	5	1	0:00:04.768439
1929	5	5	1	0:00:04.781385
1930	5	5	1	0:00:04.921283
1931	5	5	1	0:00:04.766646
1932	5	5	1	0:00:04.730689
1933	5	5	1	0:00:04.712421
1934	5	5	1	0:00:04.796038
1935	5	5	1	0:00:04.791353
1936	5	5	1	0:00:04.742541
1937	5	5	1	0:00:04.792514
1938	5	5	1	0:00:04.957591
1939	5	5	1	0:00:05.088376
1940	5	5	1	0:00:04.598085
1941	5	5	1	0:00:04.661753
1942	5	5	1	0:00:04.814933
1943	5	5	1	0:00:04.883805
1944	5	5	1	0:00:04.726653
1945	5	5	1	0:00:04.888139
1946	5	5	1	0:00:04.896892
1947	5	5	1	0:00:04.847212
1948	5	5	1	0:00:04.806999
1949	5	5	1	0:00:04.761611
1950	0	-1	0	0:00:04.896264
1951	0	3	0	0:00:04.917114
1952	0	3	0	0:00:04.778246
1953	0	1	0	0:00:04.774084
1954	0	1	0	0:00:04.706063
1955	0	1	0	0:00:04.739060
1956	0	1	0	0:00:04.754977
1957	0	1	0	0:00:04.693916
1958	0	3	0	0:00:04.974835
1959	0	1	0	0:00:04.954384
1960	0	-1	0	0:00:04.863234
1961	0	-1	0	0:00:04.449842
1962	0	-1	0	0:00:04.423676
1963	0	3	0	0:00:04.418751
1964	0	3	0	0:00:04.424266
1965	0	3	0	0:00:04.420250
1966	0	-1	0	0:00:04.415110
1967	0	-1	0	0:00:04.400229
1968	0	-1	0	0:00:04.412608
1969	0	1	0	0:00:04.420361
1970	0	1	0	0:00:04.417012
1971	0	3	0	0:00:04.420764
1972	0	1	0	0:00:04.418897
1973	0	1	0	0:00:04.423176
1974	0	-1	0	0:00:04.415838
1975	0	-1	0	0:00:04.423692
1976	0	-1	0	0:00:04.411394
1977	0	1	0	0:00:04.420135
1978	0	3	0	0:00:04.413759
1979	2	1	0	0:00:04.430427
1980	2	-1	0	0:00:04.417858
1981	2	1	0	0:00:04.413328
1982	2	1	0	0:00:04.421372
1983	2	1	0	0:00:04.421136
1984	2	1	0	0:00:04.388882
1985	2	1	0	0:00:04.420322
1986	2	1	0	0:00:04.419780
1987	2	1	0	0:00:04.414333
1988	2	1	0	0:00:04.414184
1989	1	-1	0	0:00:04.419847
1990	1	1	1	0:00:04.398153
1991	1	1	1	0:00:04.362821
1992	1	1	1	0:00:04.379525
1993	1	1	1	0:00:04.382376
1994	1	1	1	0:00:04.381360
1995	1	1	1	0:00:04.383555
1996	1	1	1	0:00:04.384410
1997	1	1	1	0:00:04.368468
1998	1	3	0	0:00:04.369607
1999	2	1	0	0:00:04.378543
2000	2	3	0	0:00:04.368477
2001	2	-1	0	0:00:04.372534
2002	2	-1	0	0:00:04.384282
2003	2	1	0	0:00:04.376510
2004	2	5	0	0:00:04.368165
2005	2	5	0	0:00:04.376807
2006	2	1	0	0:00:04.372743
2007	2	1	0	0:00:04.379141
2008	1	3	0	0:00:04.355320
2009	1	1	1	0:00:04.374313
2010	1	1	1	0:00:04.372866
2011	1	-1	0	0:00:04.364938
2012	1	1	1	0:00:04.369034
2013	1	1	1	0:00:04.373391
2014	1	1	1	0:00:04.389960
2015	1	1	1	0:00:04.359003
2016	1	-1	0	0:00:04.360496
2017	2	-1	0	0:00:04.368981
2018	2	-1	0	0:00:04.370880
2019	2	1	0	0:00:04.384031
2020	2	-1	0	0:00:04.366641
2021	2	1	0	0:00:04.369890
2022	2	-1	0	0:00:04.360859
2023	2	1	0	0:00:04.367912
2024	2	1	0	0:00:04.363512
2025	2	1	0	0:00:04.357945
2026	1	1	1	0:00:04.370100
2027	1	3	0	0:00:04.378867
2028	1	1	1	0:00:04.356305
2029	1	1	1	0:00:04.363187
2030	1	1	1	0:00:04.365148
2031	1	1	1	0:00:04.363358
2032	1	1	1	0:00:04.354197
2033	1	1	1	0:00:04.365536
2034	1	3	0	0:00:04.366038
2035	1	-1	0	0:00:04.365376
2036	4	4	1	0:00:04.358654
2037	4	4	1	0:00:04.344693
2038	4	4	1	0:00:04.351883
2039	4	4	1	0:00:04.476677
2040	4	4	1	0:00:04.431739
2041	4	-1	0	0:00:04.386602
2042	4	4	1	0:00:04.402120
2043	4	4	1	0:00:04.481384
2044	4	4	1	0:00:04.432789
2045	4	4	1	0:00:04.407626
2046	4	4	1	0:00:04.402992
2047	4	4	1	0:00:04.395675
2048	4	4	1	0:00:04.395100
2049	4	4	1	0:00:04.390032
2050	4	-1	0	0:00:04.396626
2051	4	4	1	0:00:04.399513
2052	4	4	1	0:00:04.387560
2053	4	4	1	0:00:04.383060
2054	4	4	1	0:00:04.399851
2055	4	4	1	0:00:04.382608
2056	4	4	1	0:00:04.373044
2057	4	4	1	0:00:04.393782
2058	4	4	1	0:00:04.394160
2059	4	4	1	0:00:04.383263
2060	4	4	1	0:00:04.459819
2061	4	4	1	0:00:04.410077
2062	4	4	1	0:00:04.378916
2063	4	4	1	0:00:04.373827
2064	4	4	1	0:00:04.392538
2065	4	4	1	0:00:04.398646
2066	4	4	1	0:00:04.390450
2067	4	4	1	0:00:04.401209
2068	4	4	1	0:00:04.425191
2069	3	3	1	0:00:04.387469
2070	3	3	1	0:00:04.396848
2071	3	3	1	0:00:04.636242
2072	3	3	1	0:00:04.416119
2073	3	3	1	0:00:04.383064
2074	3	3	1	0:00:04.389932
2075	3	3	1	0:00:04.387145
2076	3	3	1	0:00:04.378450
2077	3	3	1	0:00:04.384345
2078	3	3	1	0:00:04.383692
2079	3	3	1	0:00:04.380662
2080	3	3	1	0:00:04.369114
2081	3	3	1	0:00:04.383301
2082	3	-1	0	0:00:04.364641
2083	3	-1	0	0:00:04.341316
2084	3	3	1	0:00:04.353538
2085	3	3	1	0:00:04.365924
2086	3	3	1	0:00:04.347294
2087	3	3	1	0:00:04.351818
2088	3	3	1	0:00:04.342627
2089	3	3	1	0:00:04.344302
2090	3	3	1	0:00:04.339976
2091	3	3	1	0:00:04.346684
2092	3	3	1	0:00:04.322640
2093	3	3	1	0:00:04.320068
2094	3	3	1	0:00:04.316267
2095	3	3	1	0:00:04.330320
2096	5	5	1	0:00:04.315396
2097	5	5	1	0:00:04.314710
2098	5	5	1	0:00:04.333516
2099	5	5	1	0:00:04.340648
2100	5	5	1	0:00:04.315480
2101	5	5	1	0:00:04.311939
2102	5	5	1	0:00:04.318837
2103	5	5	1	0:00:04.320307
2104	5	5	1	0:00:04.301443
2105	5	5	1	0:00:04.316934
2106	5	5	1	0:00:04.319934
2107	5	5	1	0:00:04.311912
2108	5	5	1	0:00:04.317421
2109	5	5	1	0:00:04.314945
2110	5	5	1	0:00:04.322090
2111	5	5	1	0:00:04.308291
2112	5	5	1	0:00:04.312870
2113	5	5	1	0:00:04.315165
2114	5	5	1	0:00:04.315610
2115	5	5	1	0:00:04.318061
2116	5	5	1	0:00:04.317960
2117	5	5	1	0:00:04.320682
2118	5	5	1	0:00:04.313891
2119	5	5	1	0:00:04.315845
2120	5	5	1	0:00:04.310507
2121	5	5	1	0:00:04.311878
2122	5	5	1	0:00:04.328328
2123	5	5	1	0:00:04.333715
2124	5	5	1	0:00:04.328891
2125	5	5	1	0:00:04.309708
2126	5	5	1	0:00:04.322513
2127	5	5	1	0:00:04.346992
2128	5	5	1	0:00:04.327520
2129	0	-1	0	0:00:04.321985
2130	0	1	0	0:00:04.330731
2131	0	1	0	0:00:04.318762
2132	0	1	0	0:00:04.313370
2133	0	3	0	0:00:04.317632
2134	0	-1	0	0:00:04.315726
2135	0	1	0	0:00:04.319771
2136	0	1	0	0:00:04.335430
2137	0	-1	0	0:00:04.327397
2138	0	1	0	0:00:04.318980
2139	0	1	0	0:00:04.329208
2140	0	3	0	0:00:04.328106
2141	0	3	0	0:00:04.337778
2142	0	3	0	0:00:04.323890
2143	0	1	0	0:00:04.326641
2144	0	-1	0	0:00:04.312586
2145	0	1	0	0:00:04.317837
2146	0	1	0	0:00:04.315499
2147	0	1	0	0:00:04.325972
2148	0	1	0	0:00:04.331233
2149	0	1	0	0:00:04.334746
2150	0	1	0	0:00:04.334759
2151	0	1	0	0:00:04.325530
2152	0	1	0	0:00:04.316932
2153	0	1	0	0:00:04.322037
2154	0	-1	0	0:00:04.324256
2155	0	1	0	0:00:04.323030
2156	2	1	0	0:00:04.368204
2157	2	1	0	0:00:04.368648
2158	2	1	0	0:00:04.359532
2159	2	1	0	0:00:04.339298
2160	2	1	0	0:00:04.330945
2161	2	1	0	0:00:04.331744
2162	2	1	0	0:00:04.334959
2163	2	1	0	0:00:04.328645
2164	2	1	0	0:00:04.333648
2165	2	1	0	0:00:04.429708
2166	2	1	0	0:00:04.387142
2167	2	5	0	0:00:04.324611
2168	2	5	0	0:00:04.305537
2169	2	1	0	0:00:04.321212
2170	2	1	0	0:00:04.313243
2171	2	1	0	0:00:04.314666
2172	2	-1	0	0:00:04.330340
2173	2	1	0	0:00:04.301329
2174	1	-1	0	0:00:04.305092
2175	1	1	1	0:00:04.314973
2176	1	1	1	0:00:04.296173
2177	1	1	1	0:00:04.304048
2178	1	-1	0	0:00:04.314620
2179	1	1	1	0:00:04.321048
2180	1	1	1	0:00:04.331875
2181	1	-1	0	0:00:04.336087
2182	1	3	0	0:00:04.338994
2183	1	-1	0	0:00:04.331401
2184	1	1	1	0:00:04.332547
2185	1	1	1	0:00:04.328527
2186	1	1	1	0:00:04.336776
2187	1	1	1	0:00:04.331207
2188	1	1	1	0:00:04.334518
2189	1	1	1	0:00:04.339319
2190	1	-1	0	0:00:04.340272
2191	1	3	0	0:00:04.326974
2192	1	-1	0	0:00:04.335618
2193	1	1	1	0:00:04.366377
2194	1	1	1	0:00:04.355480
2195	1	1	1	0:00:04.376778
2196	1	1	1	0:00:04.366618
2197	1	1	1	0:00:04.355804
2198	1	1	1	0:00:04.355165
2199	1	1	1	0:00:04.363765
2200	1	1	1	0:00:04.377889
2201	1	-1	0	0:00:04.381555
2202	1	-1	0	0:00:04.387411
2203	2	1	0	0:00:04.367677
2204	2	3	0	0:00:04.357917
2205	2	-1	0	0:00:04.365946
2206	2	1	0	0:00:04.368680
2207	2	1	0	0:00:04.374246
2208	2	5	0	0:00:04.360239
2209	2	5	0	0:00:04.363535
2210	2	1	0	0:00:04.367243
2211	2	1	0	0:00:04.365100
2212	4	4	1	0:00:04.365631
2213	4	4	1	0:00:04.361160
2214	4	4	1	0:00:04.356329
2215	4	-1	0	0:00:04.364551
2216	4	-1	0	0:00:04.357296
2217	4	3	0	0:00:04.366864
2218	4	-1	0	0:00:04.356865
2219	4	4	1	0:00:04.372104
2220	4	4	1	0:00:04.353172
2221	4	4	1	0:00:04.344184
2222	4	4	1	0:00:04.371776
2223	4	4	1	0:00:04.363644
2224	4	4	1	0:00:04.353495
2225	4	4	1	0:00:04.351016
2226	4	4	1	0:00:04.364434
2227	4	4	1	0:00:04.524668
2228	4	4	1	0:00:04.350426
2229	4	4	1	0:00:04.359732
2230	4	4	1	0:00:04.377465
2231	4	4	1	0:00:04.385972
2232	4	4	1	0:00:04.377616
2233	4	4	1	0:00:04.380546
2234	4	4	1	0:00:04.388581
2235	4	3	0	0:00:04.389784
2236	4	3	0	0:00:04.385134
2237	4	4	1	0:00:04.384960
2238	4	4	1	0:00:04.377825
2239	4	4	1	0:00:04.389241
2240	4	4	1	0:00:04.378488
2241	4	4	1	0:00:04.389703
2242	4	4	1	0:00:04.373173
2243	4	4	1	0:00:04.378173
2244	4	4	1	0:00:04.407274
2245	4	4	1	0:00:04.390262
2246	4	4	1	0:00:04.394602
2247	4	4	1	0:00:04.401167
2248	4	3	0	0:00:04.391959
2249	4	3	0	0:00:04.500512
2250	3	3	1	0:00:04.550516
2251	3	3	1	0:00:04.513391
2252	3	3	1	0:00:04.477350
2253	3	3	1	0:00:04.472189
2254	3	3	1	0:00:04.463316
2255	3	3	1	0:00:04.449898
2256	3	3	1	0:00:04.456032
2257	3	3	1	0:00:04.454940
2258	3	3	1	0:00:04.462901
2259	3	3	1	0:00:04.456175
2260	3	3	1	0:00:04.446383
2261	3	3	1	0:00:04.448596
2262	3	3	1	0:00:04.458718
2263	3	3	1	0:00:04.451010
2264	3	3	1	0:00:04.439211
2265	3	3	1	0:00:04.453421
2266	3	3	1	0:00:04.450262
2267	3	3	1	0:00:04.455437
2268	3	3	1	0:00:04.452990
2269	3	3	1	0:00:04.451884
2270	3	3	1	0:00:04.457048
2271	3	3	1	0:00:04.459109
2272	3	3	1	0:00:04.441078
2273	3	3	1	0:00:04.447076
2274	3	3	1	0:00:04.450111
2275	3	3	1	0:00:04.458514
2276	3	3	1	0:00:04.450278
2277	3	3	1	0:00:04.469760
2278	3	3	1	0:00:04.449155
2279	3	3	1	0:00:04.446150
2280	3	3	1	0:00:04.603027
2281	3	3	1	0:00:04.485424
2282	3	3	1	0:00:04.447889
2283	3	3	1	0:00:04.446349
2284	3	3	1	0:00:04.455913
2285	3	3	1	0:00:04.700213
2286	5	5	1	0:00:04.444875
2287	5	5	1	0:00:04.449574
2288	5	5	1	0:00:04.472593
2289	5	5	1	0:00:04.486036
2290	5	5	1	0:00:04.442677
2291	5	5	1	0:00:04.485192
2292	5	5	1	0:00:04.398414
2293	5	5	1	0:00:04.513123
2294	5	5	1	0:00:04.381078
2295	5	5	1	0:00:05.495869
2296	5	5	1	0:00:05.459273
2297	5	5	1	0:00:04.526933
2298	5	5	1	0:00:04.510151
2299	5	5	1	0:00:04.518390
2300	5	5	1	0:00:04.484152
2301	5	5	1	0:00:04.564817
2302	5	5	1	0:00:04.894431
2303	5	5	1	0:00:04.454334
2304	5	5	1	0:00:04.442003
2305	5	5	1	0:00:04.447276
2306	5	5	1	0:00:04.475708
2307	5	5	1	0:00:04.526215
2308	5	5	1	0:00:04.492769
2309	5	5	1	0:00:04.474636
2310	5	5	1	0:00:04.456065
2311	5	5	1	0:00:04.466208
2312	5	5	1	0:00:04.431718
2313	5	5	1	0:00:04.447420
2314	5	5	1	0:00:04.428581
2315	5	5	1	0:00:04.545636
2316	5	5	1	0:00:05.009820
2317	0	1	0	0:00:05.498146
2318	0	1	0	0:00:04.485736
2319	0	1	0	0:00:04.451897
2320	0	1	0	0:00:04.432134
2321	0	1	0	0:00:04.438691
2322	0	1	0	0:00:04.473387
2323	0	1	0	0:00:04.552234
2324	0	1	0	0:00:04.513922
2325	0	1	0	0:00:04.489139
2326	0	1	0	0:00:04.418485
2327	0	1	0	0:00:04.600784
2328	0	1	0	0:00:04.458506
2329	0	1	0	0:00:04.644853
2330	0	1	0	0:00:04.516034
2331	0	1	0	0:00:04.460547
2332	0	1	0	0:00:04.443586
2333	0	1	0	0:00:04.422116
2334	0	1	0	0:00:04.426396
2335	0	1	0	0:00:05.235114
2336	0	1	0	0:00:05.450422
2337	0	1	0	0:00:05.373505
2338	0	1	0	0:00:04.473924
2339	0	1	0	0:00:04.489115
2340	0	1	0	0:00:04.454134
2341	0	1	0	0:00:04.422309
2342	0	1	0	0:00:04.440555
2343	0	1	0	0:00:04.539416
2344	2	1	0	0:00:04.531826
2345	2	1	0	0:00:04.457465
2346	2	1	0	0:00:04.444668
2347	2	1	0	0:00:04.486202
2348	2	1	0	0:00:04.445114
2349	2	1	0	0:00:04.437695
2350	2	1	0	0:00:04.420418
2351	2	1	0	0:00:04.424327
2352	2	1	0	0:00:04.416937
2353	2	1	0	0:00:04.429632
2354	2	1	0	0:00:04.419390
2355	2	1	0	0:00:04.428171
2356	2	1	0	0:00:04.415303
2357	2	1	0	0:00:04.417460
2358	2	1	0	0:00:04.413288
2359	2	1	0	0:00:04.420493
2360	2	-1	0	0:00:04.382276
2361	2	-1	0	0:00:04.460094
2362	2	1	0	0:00:04.420583
2363	2	1	0	0:00:04.459245
2364	2	1	0	0:00:04.435182
2365	2	5	0	0:00:04.406854
2366	1	1	1	0:00:04.432519
2367	1	1	1	0:00:04.392032
2368	1	1	1	0:00:04.349411
2369	1	-1	0	0:00:04.361646
2370	1	-1	0	0:00:04.367729
2371	1	1	1	0:00:04.353719
2372	1	1	1	0:00:04.357812
2373	1	1	1	0:00:04.353702
2374	1	1	1	0:00:04.358044
2375	1	1	1	0:00:04.350178
2376	1	1	1	0:00:04.342649
2377	1	5	0	0:00:04.355506
2378	1	5	0	0:00:04.355852
2379	1	-1	0	0:00:04.356293
2380	1	-1	0	0:00:04.370522
2381	1	1	1	0:00:04.359064
2382	1	1	1	0:00:04.361614
2383	1	1	1	0:00:04.348088
2384	1	5	0	0:00:04.382427
2385	1	5	0	0:00:04.366518
2386	1	5	0	0:00:04.355398
2387	1	5	0	0:00:04.352751
2388	1	-1	0	0:00:04.355183
2389	1	1	1	0:00:04.350113
2390	1	1	1	0:00:04.364019
2391	1	5	0	0:00:04.352453
2392	4	-1	0	0:00:04.343578
2393	4	4	1	0:00:04.358297
2394	4	4	1	0:00:04.364062
2395	4	4	1	0:00:04.348013
2396	4	4	1	0:00:04.352994
2397	4	4	1	0:00:04.356778
2398	4	4	1	0:00:04.352269
2399	4	4	1	0:00:04.353644
2400	4	4	1	0:00:04.342020
2401	4	4	1	0:00:04.360781
2402	4	4	1	0:00:04.362574
2403	4	4	1	0:00:04.354141
2404	4	4	1	0:00:04.360771
2405	4	4	1	0:00:04.459970
2406	4	4	1	0:00:04.510932
2407	4	-1	0	0:00:04.520220
2408	4	-1	0	0:00:04.373951
2409	4	4	1	0:00:04.362080
2410	4	4	1	0:00:04.364613
2411	4	4	1	0:00:04.365601
2412	4	4	1	0:00:04.363569
2413	4	4	1	0:00:04.355911
2414	4	4	1	0:00:04.473673
2415	4	4	1	0:00:04.469066
2416	4	4	1	0:00:04.430239
2417	4	4	1	0:00:04.426744
2418	4	4	1	0:00:04.426828
2419	4	4	1	0:00:04.408921
2420	4	4	1	0:00:04.417777
2421	4	4	1	0:00:04.466455
2422	4	4	1	0:00:04.472319
2423	4	4	1	0:00:04.446022
2424	4	4	1	0:00:04.419410
2425	4	4	1	0:00:04.423831
2426	4	4	1	0:00:04.499439
2427	3	3	1	0:00:04.475053
2428	3	3	1	0:00:04.459754
2429	3	3	1	0:00:04.462592
2430	3	3	1	0:00:04.451854
2431	3	3	1	0:00:04.447979
2432	3	3	1	0:00:04.378070
2433	3	3	1	0:00:04.366317
2434	3	3	1	0:00:04.360244
2435	3	3	1	0:00:04.365004
2436	3	3	1	0:00:04.364425
2437	3	3	1	0:00:04.383748
2438	3	3	1	0:00:04.397362
2439	3	3	1	0:00:04.410984
2440	3	-1	0	0:00:04.508876
2441	3	3	1	0:00:04.419269
2442	3	3	1	0:00:04.408562
2443	3	3	1	0:00:04.389364
2444	3	3	1	0:00:04.387753
2445	3	3	1	0:00:04.384765
2446	3	3	1	0:00:04.382731
2447	3	3	1	0:00:04.384664
2448	3	3	1	0:00:04.368683
2449	3	3	1	0:00:04.327903
2450	3	3	1	0:00:04.422897
2451	3	3	1	0:00:04.429488
2452	3	3	1	0:00:04.415651
2453	3	3	1	0:00:04.410933
2454	3	3	1	0:00:04.393889
2455	3	3	1	0:00:04.409714
2456	3	3	1	0:00:04.387008
2457	5	5	1	0:00:04.397115
2458	5	5	1	0:00:04.396518
2459	5	5	1	0:00:04.393360
2460	5	5	1	0:00:04.389383
2461	5	5	1	0:00:04.392986
2462	5	5	1	0:00:04.376043
2463	5	5	1	0:00:04.368818
2464	5	5	1	0:00:04.354967
2465	5	5	1	0:00:04.454886
2466	5	5	1	0:00:04.449322
2467	5	5	1	0:00:04.368781
2468	5	5	1	0:00:04.368362
2469	5	5	1	0:00:04.364820
2470	5	5	1	0:00:04.363029
2471	5	5	1	0:00:04.360684
2472	5	5	1	0:00:04.352035
2473	5	5	1	0:00:04.363547
2474	5	5	1	0:00:04.362969
2475	5	5	1	0:00:04.357561
2476	5	5	1	0:00:04.363252
2477	5	5	1	0:00:04.357219
2478	5	5	1	0:00:04.361679
2479	5	5	1	0:00:04.358742
2480	5	5	1	0:00:04.358623
2481	5	5	1	0:00:04.358328
2482	5	5	1	0:00:04.404062
2483	5	5	1	0:00:04.410340
2484	5	5	1	0:00:04.364006
2485	5	5	1	0:00:04.358699
2486	5	5	1	0:00:04.362390
2487	5	5	1	0:00:04.365816
2488	5	5	1	0:00:04.352869
2489	5	5	1	0:00:04.363559
2490	5	5	1	0:00:04.364210
2491	5	5	1	0:00:04.358971
2492	5	5	1	0:00:04.366379
2493	5	5	1	0:00:04.369113
2494	0	1	0	0:00:04.378157
2495	0	1	0	0:00:04.359963
2496	0	1	0	0:00:04.375503
2497	0	1	0	0:00:04.368051
2498	0	1	0	0:00:04.361856
2499	0	1	0	0:00:04.364975
2500	0	1	0	0:00:04.381386
2501	0	5	0	0:00:04.366096
2502	0	5	0	0:00:04.358067
2503	0	1	0	0:00:04.360996
2504	0	1	0	0:00:04.362049
2505	0	1	0	0:00:04.373108
2506	0	1	0	0:00:04.369559
2507	0	1	0	0:00:04.362800
2508	0	1	0	0:00:04.360975
2509	0	1	0	0:00:04.378969
2510	0	1	0	0:00:04.413752
2511	0	1	0	0:00:04.388114
2512	0	1	0	0:00:04.354738
2513	0	1	0	0:00:04.362273
2514	0	5	0	0:00:04.350859
2515	0	5	0	0:00:04.351565
2516	0	5	0	0:00:04.352947
2517	0	1	0	0:00:04.358260
2518	2	1	0	0:00:04.362213
2519	2	5	0	0:00:04.342055
2520	2	5	0	0:00:04.357599
2521	2	5	0	0:00:04.361696
2522	2	5	0	0:00:04.359529
2523	2	1	0	0:00:04.368450
2524	2	1	0	0:00:04.349216
2525	2	-1	0	0:00:04.345481
2526	2	5	0	0:00:04.348560
2527	2	5	0	0:00:04.349417
2528	2	-1	0	0:00:04.342782
2529	2	-1	0	0:00:04.349582
2530	2	1	0	0:00:04.344774
2531	2	1	0	0:00:04.350968
2532	2	5	0	0:00:04.336627
2533	2	5	0	0:00:04.355577
2534	2	5	0	0:00:04.348937
2535	2	5	0	0:00:04.401105
2536	2	5	0	0:00:04.425596
2537	2	5	0	0:00:04.389972
2538	2	1	0	0:00:04.375743
2539	2	-1	0	0:00:04.375393
2540	2	5	0	0:00:04.361933
2541	1	-1	0	0:00:04.357738
2542	1	5	0	0:00:04.365608
2543	1	5	0	0:00:04.350526
2544	1	5	0	0:00:04.345074
2545	1	5	0	0:00:04.353567
2546	1	1	1	0:00:04.334112
2547	1	1	1	0:00:04.330635
2548	1	1	1	0:00:04.338313
2549	1	1	1	0:00:04.352032
2550	1	5	0	0:00:04.335559
2551	1	5	0	0:00:04.332466
2552	1	5	0	0:00:04.350232
2553	1	1	1	0:00:04.418276
2554	1	1	1	0:00:04.427178
2555	1	1	1	0:00:04.410658
2556	1	5	0	0:00:04.393430
2557	1	-1	0	0:00:04.385239
2558	1	5	0	0:00:04.422221
2559	1	1	1	0:00:04.398583
2560	1	5	0	0:00:04.362606
2561	1	5	0	0:00:04.357558
2562	1	5	0	0:00:04.349820
2563	1	-1	0	0:00:04.351786
2564	1	1	1	0:00:04.350345
2565	1	1	1	0:00:04.358066
2566	4	4	1	0:00:04.453479
2567	4	3	0	0:00:04.343282
2568	4	-1	0	0:00:04.345137
2569	4	-1	0	0:00:04.345572
2570	4	-1	0	0:00:04.351442
2571	4	3	0	0:00:04.344263
2572	4	3	0	0:00:04.349810
2573	4	3	0	0:00:04.337902
2574	4	3	0	0:00:04.339962
2575	4	3	0	0:00:04.362309
2576	4	3	0	0:00:04.351231
2577	4	3	0	0:00:04.363650
2578	4	3	0	0:00:04.357627
2579	4	3	0	0:00:04.365194
2580	4	3	0	0:00:04.359459
2581	4	3	0	0:00:04.374546
2582	4	3	0	0:00:04.354615
2583	4	3	0	0:00:04.372077
2584	4	4	1	0:00:04.337394
2585	4	3	0	0:00:04.399861
2586	4	3	0	0:00:04.395678
2587	4	3	0	0:00:04.373037
2588	4	3	0	0:00:04.378141
2589	4	3	0	0:00:04.348352
2590	4	3	0	0:00:04.368148
2591	4	3	0	0:00:04.371190
2592	4	3	0	0:00:04.371479
2593	4	3	0	0:00:04.348321
2594	4	3	0	0:00:04.344926
2595	4	3	0	0:00:04.354818
2596	4	3	0	0:00:04.341587
2597	4	3	0	0:00:04.360473
2598	4	3	0	0:00:04.344168
2599	3	3	1	0:00:04.351488
2600	3	3	1	0:00:04.447727
2601	3	3	1	0:00:04.446968
2602	3	3	1	0:00:04.429454
2603	3	3	1	0:00:04.428401
2604	3	3	1	0:00:04.448980
2605	3	3	1	0:00:04.414838
2606	3	3	1	0:00:04.492895
2607	3	3	1	0:00:04.412450
2608	3	3	1	0:00:04.410594
2609	3	3	1	0:00:04.419088
2610	3	3	1	0:00:04.398988
2611	3	3	1	0:00:04.374739
2612	3	3	1	0:00:04.375182
2613	3	3	1	0:00:04.384698
2614	3	3	1	0:00:04.353616
2615	3	3	1	0:00:04.355568
2616	3	3	1	0:00:04.363311
2617	3	3	1	0:00:04.344730
2618	3	3	1	0:00:04.349923
2619	3	3	1	0:00:04.342467
2620	3	3	1	0:00:04.347648
2621	3	3	1	0:00:04.339070
2622	3	3	1	0:00:04.350268
2623	3	3	1	0:00:04.342055
2624	3	3	1	0:00:04.338944
2625	3	3	1	0:00:04.345260
2626	3	3	1	0:00:04.359226
2627	3	3	1	0:00:04.374236
2628	3	3	1	0:00:04.341316
2629	3	3	1	0:00:04.341556
2630	3	3	1	0:00:04.346200
2631	3	3	1	0:00:04.361217
2632	3	3	1	0:00:04.341093
2633	5	5	1	0:00:04.351293
2634	5	5	1	0:00:04.357238
2635	5	5	1	0:00:04.342708
2636	5	5	1	0:00:04.381831
2637	5	5	1	0:00:04.353470
2638	5	5	1	0:00:04.419001
2639	5	5	1	0:00:04.350934
2640	5	5	1	0:00:04.382931
2641	5	5	1	0:00:04.391084
2642	5	5	1	0:00:04.358160
2643	5	5	1	0:00:04.381560
2644	5	5	1	0:00:04.385836
2645	5	5	1	0:00:04.411013
2646	5	5	1	0:00:04.357268
2647	5	5	1	0:00:04.366752
2648	5	5	1	0:00:04.356736
2649	5	5	1	0:00:04.434664
2650	5	5	1	0:00:04.482687
2651	5	5	1	0:00:04.460641
2652	5	5	1	0:00:04.449351
2653	5	5	1	0:00:04.412577
2654	5	5	1	0:00:04.473952
2655	5	5	1	0:00:04.414802
2656	5	5	1	0:00:04.408412
2657	5	5	1	0:00:04.435399
2658	5	5	1	0:00:04.439333
2659	5	5	1	0:00:04.404961
2660	5	5	1	0:00:04.405020
2661	5	5	1	0:00:04.397355
2662	5	5	1	0:00:04.458139
2663	5	5	1	0:00:04.416162
2664	5	5	1	0:00:04.389587
2665	5	5	1	0:00:04.389790
2666	5	5	1	0:00:04.391296
2667	5	5	1	0:00:04.396428
2668	5	5	1	0:00:04.395989
2669	0	3	0	0:00:04.390594
2670	0	-1	0	0:00:04.388978
2671	0	1	0	0:00:04.386137
2672	0	1	0	0:00:04.380859
2673	0	-1	0	0:00:04.380614
2674	0	3	0	0:00:04.385482
2675	0	3	0	0:00:04.394519
2676	0	3	0	0:00:04.387884
2677	0	-1	0	0:00:04.395750
2678	0	1	0	0:00:04.390071
2679	0	1	0	0:00:04.392720
2680	0	1	0	0:00:04.378267
2681	0	1	0	0:00:04.383924
2682	0	3	0	0:00:04.384612
2683	0	-1	0	0:00:04.377787
2684	0	3	0	0:00:04.394594
2685	0	3	0	0:00:04.393637
2686	0	3	0	0:00:04.413390
2687	0	3	0	0:00:04.461782
2688	0	3	0	0:00:04.457938
2689	0	-1	0	0:00:04.440683
2690	0	-1	0	0:00:04.431068
2691	0	3	0	0:00:04.437600
2692	0	3	0	0:00:04.429573
2693	0	3	0	0:00:04.413941
2694	0	3	0	0:00:04.480227
2695	0	3	0	0:00:04.424926
2696	0	3	0	0:00:04.397179
2697	2	1	0	0:00:04.399254
2698	2	1	0	0:00:04.389585
2699	2	1	0	0:00:04.393194
2700	2	1	0	0:00:04.391722
2701	2	1	0	0:00:04.392288
2702	2	1	0	0:00:04.405352
2703	2	1	0	0:00:04.408726
2704	2	1	0	0:00:04.384909
2705	2	1	0	0:00:04.665946
2706	2	1	0	0:00:04.458345
2707	2	1	0	0:00:04.426043
2708	2	1	0	0:00:04.406054
2709	2	1	0	0:00:04.423907
2710	2	1	0	0:00:04.461213
2711	2	1	0	0:00:04.458062
2712	2	1	0	0:00:04.471707
2713	2	1	0	0:00:04.477129
2714	2	1	0	0:00:04.428279
2715	2	1	0	0:00:04.414666
2716	2	1	0	0:00:04.392875
2717	2	1	0	0:00:04.388332
2718	2	1	0	0:00:04.400165
2719	2	1	0	0:00:04.394203
2720	2	1	0	0:00:04.380335
2721	2	1	0	0:00:04.385124
2722	2	1	0	0:00:04.384715
2723	2	1	0	0:00:04.421342
2724	1	1	1	0:00:04.399982
2725	1	1	1	0:00:04.403903
2726	1	1	1	0:00:04.411482
2727	1	1	1	0:00:04.396307
2728	1	1	1	0:00:04.387444
2729	1	1	1	0:00:04.402554
2730	1	1	1	0:00:04.397862
2731	1	1	1	0:00:04.396272
2732	1	1	1	0:00:04.404547
2733	1	-1	0	0:00:04.404107
2734	1	1	1	0:00:04.394702
2735	1	1	1	0:00:04.402807
2736	1	1	1	0:00:04.391463
2737	1	1	1	0:00:04.400958
2738	1	1	1	0:00:04.409662
2739	1	1	1	0:00:04.404226
2740	1	1	1	0:00:04.360590
2741	1	1	1	0:00:04.385116
2742	1	1	1	0:00:04.404251
2743	1	1	1	0:00:04.784617
2744	1	1	1	0:00:04.758925
2745	1	1	1	0:00:04.397050
2746	1	1	1	0:00:04.373980
2747	1	1	1	0:00:04.357548
2748	1	1	1	0:00:04.380685
2749	1	1	1	0:00:04.385309
2750	1	1	1	0:00:04.396685
2751	1	1	1	0:00:04.385670
2752	1	-1	0	0:00:04.381321
2753	4	3	0	0:00:04.393268
2754	4	3	0	0:00:04.384772
2755	4	4	1	0:00:04.388042
2756	4	4	1	0:00:04.396442
2757	4	4	1	0:00:04.384018
2758	4	-1	0	0:00:04.379626
2759	4	-1	0	0:00:04.395288
2760	4	-1	0	0:00:04.388724
2761	4	3	0	0:00:04.385542
2762	4	3	0	0:00:04.388254
2763	4	-1	0	0:00:04.391785
2764	4	3	0	0:00:04.399479
2765	4	-1	0	0:00:04.394572
2766	4	4	1	0:00:04.392259
2767	4	4	1	0:00:04.351881
2768	4	-1	0	0:00:04.377246
2769	4	-1	0	0:00:04.368981
2770	4	-1	0	0:00:04.351012
2771	4	3	0	0:00:04.348557
2772	4	4	1	0:00:04.353471
2773	4	-1	0	0:00:04.359428
2774	4	3	0	0:00:04.357317
2775	4	3	0	0:00:04.352980
2776	4	3	0	0:00:04.353279
2777	4	3	0	0:00:04.362408
2778	4	3	0	0:00:04.357121
2779	4	3	0	0:00:04.348809
2780	4	3	0	0:00:04.353134
2781	4	-1	0	0:00:04.352186
2782	4	3	0	0:00:04.352774
2783	4	3	0	0:00:04.344000
2784	4	3	0	0:00:04.344669
2785	4	3	0	0:00:04.348477
2786	4	-1	0	0:00:04.339109
2787	4	3	0	0:00:04.343328
2788	4	3	0	0:00:04.350717
2789	3	3	1	0:00:04.342705
2790	3	3	1	0:00:04.350327
2791	3	3	1	0:00:04.363248
2792	3	3	1	0:00:04.370925
2793	3	3	1	0:00:04.352228
2794	3	3	1	0:00:04.358068
2795	3	3	1	0:00:04.345032
2796	3	3	1	0:00:04.348579
2797	3	3	1	0:00:04.340288
2798	3	3	1	0:00:04.347129
2799	3	3	1	0:00:04.345497
2800	3	3	1	0:00:04.345425
2801	3	3	1	0:00:04.354554
2802	3	3	1	0:00:04.343861
2803	3	3	1	0:00:04.354148
2804	3	3	1	0:00:04.358112
2805	3	3	1	0:00:04.379784
2806	3	3	1	0:00:04.351147
2807	3	3	1	0:00:04.351566
2808	3	3	1	0:00:04.344452
2809	3	3	1	0:00:04.343335
2810	3	3	1	0:00:04.350633
2811	3	3	1	0:00:04.350291
2812	3	3	1	0:00:04.553348
2813	3	3	1	0:00:04.345904
2814	3	3	1	0:00:04.364854
2815	3	3	1	0:00:04.351069
2816	3	3	1	0:00:04.337656
2817	3	3	1	0:00:04.356269
2818	3	3	1	0:00:04.353431
2819	3	3	1	0:00:04.347067
2820	3	3	1	0:00:04.346293
2821	3	3	1	0:00:04.355857
2822	3	3	1	0:00:04.344118
2823	5	5	1	0:00:04.344211
2824	5	5	1	0:00:04.355983
2825	5	5	1	0:00:04.377910
2826	5	5	1	0:00:04.347730
2827	5	5	1	0:00:04.345731
2828	5	5	1	0:00:04.349538
2829	5	5	1	0:00:04.353130
2830	5	5	1	0:00:04.346023
2831	5	5	1	0:00:04.341965
2832	5	5	1	0:00:04.338162
2833	5	5	1	0:00:04.346575
2834	5	5	1	0:00:04.345457
2835	5	5	1	0:00:04.351420
2836	5	5	1	0:00:04.350662
2837	5	5	1	0:00:04.347360
2838	5	5	1	0:00:04.359236
2839	5	5	1	0:00:04.356824
2840	5	5	1	0:00:04.349570
2841	5	5	1	0:00:04.390105
2842	5	5	1	0:00:04.402527
2843	5	5	1	0:00:04.400135
2844	5	5	1	0:00:04.360422
2845	5	5	1	0:00:04.369351
2846	5	5	1	0:00:04.361677
2847	5	5	1	0:00:04.348136
2848	5	5	1	0:00:04.395117
2849	5	5	1	0:00:04.399019
2850	5	5	1	0:00:04.366397
2851	5	5	1	0:00:04.381000
2852	5	5	1	0:00:04.377719
2853	5	5	1	0:00:04.374494
2854	5	5	1	0:00:04.369192
2855	5	5	1	0:00:04.383936
2856	5	5	1	0:00:04.370775
2857	5	5	1	0:00:04.375774
2858	5	5	1	0:00:04.376785
2859	0	-1	0	0:00:04.378561
2860	0	-1	0	0:00:04.368826
2861	0	-1	0	0:00:04.358323
2862	0	-1	0	0:00:04.376610
2863	0	3	0	0:00:04.390279
2864	0	1	0	0:00:04.358835
2865	0	1	0	0:00:04.366951
2866	0	1	0	0:00:04.360397
2867	0	-1	0	0:00:04.374686
2868	0	-1	0	0:00:04.355989
2869	0	-1	0	0:00:04.356572
2870	0	-1	0	0:00:04.367676
2871	0	3	0	0:00:04.365590
2872	0	3	0	0:00:04.359544
2873	0	-1	0	0:00:04.364249
2874	0	-1	0	0:00:04.356705
2875	0	-1	0	0:00:04.366311
2876	0	-1	0	0:00:04.366471
2877	0	1	0	0:00:04.360665
2878	0	1	0	0:00:04.363628
2879	0	5	0	0:00:04.361359
2880	0	3	0	0:00:04.339474
2881	0	-1	0	0:00:04.361847
2882	0	1	0	0:00:04.349852
2883	0	1	0	0:00:04.358943
2884	0	-1	0	0:00:04.365335
2885	0	3	0	0:00:04.363920
2886	0	5	0	0:00:04.369699
2887	0	5	0	0:00:04.364429
2888	0	1	0	0:00:04.350479
2889	2	1	0	0:00:04.352155
2890	2	1	0	0:00:04.366266
2891	2	1	0	0:00:04.369422
2892	2	1	0	0:00:04.357751
2893	2	1	0	0:00:04.400285
2894	2	1	0	0:00:04.374486
2895	2	5	0	0:00:04.384049
2896	2	1	0	0:00:04.347151
2897	2	1	0	0:00:04.355258
2898	2	1	0	0:00:04.357454
2899	2	1	0	0:00:04.352409
2900	2	1	0	0:00:04.365500
2901	2	5	0	0:00:04.362647
2902	2	-1	0	0:00:04.361284
2903	2	1	0	0:00:04.373973
2904	2	1	0	0:00:04.354206
2905	2	1	0	0:00:04.357019
2906	2	1	0	0:00:04.359980
2907	2	1	0	0:00:04.382377
2908	1	1	1	0:00:04.389654
2909	1	1	1	0:00:04.386770
2910	1	1	1	0:00:04.387294
2911	1	1	1	0:00:04.343543
2912	1	1	1	0:00:04.335362
2913	1	1	1	0:00:04.353348
2914	1	1	1	0:00:04.371279
2915	1	1	1	0:00:04.358132
2916	1	1	1	0:00:04.363437
2917	1	1	1	0:00:04.375519
2918	1	-1	0	0:00:04.358736
2919	1	1	1	0:00:04.354041
2920	1	1	1	0:00:04.348826
2921	1	1	1	0:00:04.360019
2922	1	1	1	0:00:04.371828
2923	1	1	1	0:00:04.370141
2924	1	1	1	0:00:04.370049
2925	1	1	1	0:00:04.359494
2926	1	1	1	0:00:04.355372
2927	1	1	1	0:00:04.345491
2928	2	1	0	0:00:04.343538
2929	2	1	0	0:00:04.347332
2930	2	-1	0	0:00:04.344044
2931	2	5	0	0:00:04.355311
2932	2	1	0	0:00:04.349481
2933	2	1	0	0:00:04.347948
2934	2	1	0	0:00:04.357421
2935	2	1	0	0:00:04.347539
2936	2	1	0	0:00:04.336231
2937	1	5	0	0:00:04.347472
2938	1	1	1	0:00:04.343131
2939	1	1	1	0:00:04.339392
2940	1	1	1	0:00:04.343943
2941	1	1	1	0:00:04.352322
2942	1	1	1	0:00:04.336632
2943	1	1	1	0:00:04.352021
2944	1	1	1	0:00:04.353013
2945	1	1	1	0:00:04.355673
2946	1	1	1	0:00:04.339826
