idx	label	predict	correct	time
0	4	4	1	0:00:05.046600
1	4	4	1	0:00:05.238591
2	4	4	1	0:00:05.272383
3	4	4	1	0:00:05.254725
4	4	4	1	0:00:05.218198
5	4	4	1	0:00:05.277524
6	4	4	1	0:00:05.243364
7	4	4	1	0:00:05.253003
8	4	4	1	0:00:05.257369
9	4	4	1	0:00:05.224843
10	4	4	1	0:00:05.249297
11	4	4	1	0:00:04.304700
12	4	4	1	0:00:03.978264
13	4	4	1	0:00:04.239969
14	4	4	1	0:00:04.269144
15	4	4	1	0:00:04.041261
16	4	4	1	0:00:04.121442
17	4	4	1	0:00:04.276046
18	4	4	1	0:00:03.598211
19	4	4	1	0:00:03.021446
20	4	4	1	0:00:03.084345
21	4	4	1	0:00:03.067212
22	4	4	1	0:00:04.575647
23	4	4	1	0:00:04.857731
24	4	4	1	0:00:03.006267
25	4	4	1	0:00:03.032055
26	4	4	1	0:00:02.994872
27	4	4	1	0:00:03.004113
28	4	4	1	0:00:03.018106
29	4	4	1	0:00:02.999655
30	4	4	1	0:00:03.043244
31	3	4	0	0:00:03.051736
32	3	4	0	0:00:02.998145
33	3	4	0	0:00:03.069696
34	3	4	0	0:00:03.033217
35	3	4	0	0:00:02.987829
36	3	4	0	0:00:03.028144
37	3	4	0	0:00:03.059864
38	3	4	0	0:00:02.981485
39	3	4	0	0:00:03.033486
40	3	4	0	0:00:03.013787
41	3	4	0	0:00:02.968482
42	3	4	0	0:00:03.012981
43	3	4	0	0:00:03.020325
44	3	3	1	0:00:02.966313
45	3	4	0	0:00:03.014355
46	3	4	0	0:00:03.022003
47	3	4	0	0:00:03.066973
48	3	4	0	0:00:03.020204
49	3	4	0	0:00:03.053187
50	3	4	0	0:00:02.964919
51	3	4	0	0:00:03.030952
52	3	4	0	0:00:03.010759
53	3	4	0	0:00:02.973175
54	3	4	0	0:00:03.019642
55	5	5	1	0:00:03.044915
56	5	5	1	0:00:02.966938
57	5	5	1	0:00:03.022080
58	5	5	1	0:00:03.016243
59	5	5	1	0:00:02.967119
60	5	5	1	0:00:03.022008
61	5	5	1	0:00:03.010753
62	5	5	1	0:00:03.069150
63	5	5	1	0:00:03.018977
64	5	5	1	0:00:03.010040
65	5	5	1	0:00:02.974963
66	5	5	1	0:00:03.002516
67	5	5	1	0:00:03.018326
68	5	5	1	0:00:02.967505
69	5	5	1	0:00:03.019456
70	5	5	1	0:00:03.015304
71	5	5	1	0:00:02.978283
72	5	5	1	0:00:03.003411
73	5	5	1	0:00:03.042886
74	5	5	1	0:00:02.971765
75	5	5	1	0:00:03.021951
76	5	5	1	0:00:03.017632
77	5	5	1	0:00:02.975420
78	5	5	1	0:00:03.013661
79	0	0	1	0:00:03.032027
80	0	0	1	0:00:02.999262
81	0	0	1	0:00:03.024158
82	0	0	1	0:00:03.010762
83	0	0	1	0:00:02.981282
84	0	0	1	0:00:03.010697
85	0	0	1	0:00:03.019003
86	0	0	1	0:00:02.967913
87	0	0	1	0:00:03.016481
88	0	0	1	0:00:03.011890
89	0	0	1	0:00:02.967330
90	0	0	1	0:00:03.051563
91	0	0	1	0:00:03.084203
92	0	0	1	0:00:03.018150
93	0	0	1	0:00:03.035409
94	0	0	1	0:00:03.026417
95	0	0	1	0:00:02.977589
96	0	0	1	0:00:03.020616
97	0	0	1	0:00:03.013590
98	0	0	1	0:00:02.973975
99	0	0	1	0:00:03.011798
100	0	0	1	0:00:03.015442
101	0	0	1	0:00:02.975785
102	0	0	1	0:00:03.013637
103	0	0	1	0:00:03.009484
104	0	0	1	0:00:02.960946
105	0	0	1	0:00:03.020489
106	0	0	1	0:00:03.001845
107	0	0	1	0:00:02.931664
108	0	0	1	0:00:03.003648
109	2	1	0	0:00:03.003043
110	2	1	0	0:00:02.997634
111	2	0	0	0:00:03.057217
112	2	2	1	0:00:03.024695
113	2	1	0	0:00:02.966956
114	2	0	0	0:00:03.015370
115	2	0	0	0:00:03.009717
116	2	1	0	0:00:02.997766
117	2	1	0	0:00:02.978991
118	2	0	0	0:00:03.005726
119	2	1	0	0:00:02.958301
120	2	2	1	0:00:02.988348
121	2	0	0	0:00:03.023990
122	2	0	0	0:00:02.958276
123	2	0	0	0:00:02.998082
124	2	1	0	0:00:03.011326
125	2	1	0	0:00:02.956860
126	2	2	1	0:00:03.003735
127	2	2	1	0:00:03.012866
128	2	2	1	0:00:02.961460
129	2	0	0	0:00:03.013647
130	2	1	0	0:00:03.001633
131	2	1	0	0:00:02.965231
132	2	1	0	0:00:02.977380
133	1	0	0	0:00:02.999522
134	1	0	0	0:00:03.003572
135	1	1	1	0:00:02.952256
136	1	1	1	0:00:02.997488
137	1	1	1	0:00:03.007810
138	1	1	1	0:00:02.973314
139	1	0	0	0:00:03.003024
140	1	0	0	0:00:02.992045
141	1	0	0	0:00:02.954154
142	1	2	0	0:00:03.001238
143	1	0	0	0:00:03.005494
144	1	0	0	0:00:02.961479
145	1	1	1	0:00:03.011963
146	1	0	0	0:00:03.005229
147	1	0	0	0:00:02.962051
148	1	0	0	0:00:03.007359
149	1	2	0	0:00:03.029393
150	1	2	0	0:00:03.023614
151	1	0	0	0:00:03.046780
152	1	2	0	0:00:03.045513
153	1	0	0	0:00:02.972547
154	1	0	0	0:00:03.026522
155	1	2	0	0:00:03.025574
156	1	2	0	0:00:02.966148
157	1	2	0	0:00:03.009399
158	4	4	1	0:00:03.010293
159	4	4	1	0:00:02.965332
160	4	4	1	0:00:03.010377
161	4	4	1	0:00:03.084263
162	4	4	1	0:00:03.010286
163	4	4	1	0:00:03.025663
164	4	4	1	0:00:03.020871
165	4	4	1	0:00:02.975960
166	4	4	1	0:00:03.041298
167	4	4	1	0:00:03.001779
168	4	4	1	0:00:02.968752
169	4	4	1	0:00:03.013037
170	4	4	1	0:00:03.005638
171	4	4	1	0:00:02.919835
172	4	4	1	0:00:03.054597
173	4	4	1	0:00:03.052355
174	4	4	1	0:00:03.071768
175	4	4	1	0:00:03.080836
176	4	4	1	0:00:03.072982
177	4	4	1	0:00:03.064389
178	4	4	1	0:00:03.058048
179	4	4	1	0:00:03.036491
180	4	4	1	0:00:03.043277
181	3	4	0	0:00:03.049500
182	3	3	1	0:00:03.049419
183	3	3	1	0:00:03.034027
184	3	3	1	0:00:03.088300
185	3	3	1	0:00:03.094984
186	3	3	1	0:00:03.066333
187	3	3	1	0:00:03.065077
188	3	3	1	0:00:03.051955
189	3	3	1	0:00:03.060893
190	3	3	1	0:00:03.044801
191	3	3	1	0:00:03.056470
192	3	3	1	0:00:03.039781
193	3	3	1	0:00:03.051144
194	3	4	0	0:00:03.073847
195	3	4	0	0:00:03.078276
196	3	4	0	0:00:03.059628
197	3	4	0	0:00:03.062819
198	3	4	0	0:00:03.048335
199	3	4	0	0:00:03.102392
200	3	4	0	0:00:03.089879
201	3	4	0	0:00:03.070285
202	3	4	0	0:00:03.050713
203	5	5	1	0:00:03.046610
204	5	5	1	0:00:03.056092
205	5	5	1	0:00:03.050239
206	5	5	1	0:00:03.041483
207	5	5	1	0:00:03.040916
208	5	5	1	0:00:03.052147
209	5	5	1	0:00:03.104008
210	5	5	1	0:00:03.077193
211	5	5	1	0:00:03.041600
212	5	5	1	0:00:03.066682
213	5	5	1	0:00:03.063982
214	5	5	1	0:00:03.073172
215	5	5	1	0:00:03.072068
216	5	5	1	0:00:03.077891
217	5	5	1	0:00:03.059104
218	5	5	1	0:00:03.064706
219	5	5	1	0:00:03.046135
220	5	5	1	0:00:03.070364
221	5	5	1	0:00:03.051026
222	5	5	1	0:00:03.060259
223	5	5	1	0:00:03.047961
224	5	5	1	0:00:03.061089
225	5	5	1	0:00:03.042430
226	5	5	1	0:00:03.050169
227	0	0	1	0:00:03.060556
228	0	0	1	0:00:03.052346
229	0	0	1	0:00:03.047094
230	0	0	1	0:00:03.046546
231	0	0	1	0:00:03.040740
232	0	0	1	0:00:03.047821
233	0	0	1	0:00:03.048857
234	0	0	1	0:00:03.037961
235	0	0	1	0:00:03.043159
236	0	0	1	0:00:03.055398
237	0	0	1	0:00:03.055561
238	0	0	1	0:00:03.039024
239	0	0	1	0:00:03.034655
240	0	0	1	0:00:03.047131
241	0	0	1	0:00:03.057002
242	0	0	1	0:00:03.056844
243	0	0	1	0:00:03.047002
244	0	0	1	0:00:03.051312
245	0	0	1	0:00:03.052638
246	0	0	1	0:00:03.036735
247	0	0	1	0:00:03.047143
248	0	0	1	0:00:03.050333
249	0	0	1	0:00:03.055939
250	0	0	1	0:00:03.049130
251	0	0	1	0:00:02.628793
252	0	0	1	0:00:01.477810
253	0	0	1	0:00:01.478946
254	0	0	1	0:00:01.479857
255	0	0	1	0:00:01.477209
256	2	1	0	0:00:01.475801
257	2	0	0	0:00:01.482312
258	2	2	1	0:00:01.480666
259	2	2	1	0:00:02.658162
260	2	0	0	0:00:02.927465
261	2	0	0	0:00:02.986373
262	2	2	1	0:00:02.965894
263	2	2	1	0:00:02.945229
264	2	2	1	0:00:03.005944
265	2	2	1	0:00:03.006382
266	2	2	1	0:00:02.985377
267	2	0	0	0:00:03.018570
268	2	0	0	0:00:03.044327
269	2	0	0	0:00:03.016866
270	2	0	0	0:00:03.026768
271	2	2	1	0:00:03.042961
272	2	2	1	0:00:03.006919
273	2	0	0	0:00:03.048043
274	2	0	0	0:00:03.049994
275	2	2	1	0:00:02.980726
276	2	0	0	0:00:03.070203
277	2	2	1	0:00:03.030920
278	2	2	1	0:00:03.021156
279	1	0	0	0:00:03.002681
280	1	1	1	0:00:03.039904
281	1	1	1	0:00:03.038538
282	1	1	1	0:00:02.968103
283	1	0	0	0:00:03.054419
284	1	1	1	0:00:03.037825
285	1	0	0	0:00:02.987221
286	1	0	0	0:00:03.038833
287	1	0	0	0:00:03.044154
288	1	0	0	0:00:03.027263
289	1	1	1	0:00:03.038455
290	1	1	1	0:00:03.023872
291	1	0	0	0:00:03.033077
292	1	0	0	0:00:02.991783
293	1	0	0	0:00:03.034531
294	1	0	0	0:00:03.027250
295	1	0	0	0:00:02.987106
296	1	0	0	0:00:03.034797
297	1	1	1	0:00:03.017371
298	1	0	0	0:00:02.978875
299	1	1	1	0:00:03.031440
300	1	0	0	0:00:03.022448
301	1	0	0	0:00:02.987111
302	4	4	1	0:00:03.043155
303	4	4	1	0:00:03.048766
304	4	4	1	0:00:02.990285
305	4	4	1	0:00:03.010078
306	4	4	1	0:00:03.072052
307	4	4	1	0:00:03.060914
308	4	4	1	0:00:02.999531
309	4	4	1	0:00:03.037623
310	4	3	0	0:00:03.008298
311	4	3	0	0:00:02.974913
312	4	3	0	0:00:03.041756
313	4	3	0	0:00:03.058014
314	4	3	0	0:00:03.007342
315	4	3	0	0:00:03.020601
316	4	3	0	0:00:03.020854
317	4	3	0	0:00:03.018701
318	4	4	1	0:00:03.030128
319	4	3	0	0:00:03.018880
320	4	3	0	0:00:02.971163
321	4	3	0	0:00:03.035263
322	4	4	1	0:00:03.042119
323	4	4	1	0:00:02.981034
324	4	4	1	0:00:03.021866
325	4	4	1	0:00:03.042734
326	4	4	1	0:00:02.981589
327	4	4	1	0:00:03.012915
328	4	4	1	0:00:03.023297
329	4	4	1	0:00:02.988878
330	3	3	1	0:00:03.023622
331	3	3	1	0:00:03.017954
332	3	3	1	0:00:02.978848
333	3	3	1	0:00:03.022424
334	3	3	1	0:00:03.022100
335	3	3	1	0:00:02.970669
336	3	3	1	0:00:03.057632
337	3	3	1	0:00:03.024252
338	3	3	1	0:00:02.966913
339	3	3	1	0:00:03.024534
340	3	3	1	0:00:03.040702
341	3	3	1	0:00:03.002403
342	3	3	1	0:00:03.030502
343	3	3	1	0:00:03.024140
344	3	4	0	0:00:02.983765
345	3	3	1	0:00:03.016858
346	3	3	1	0:00:03.034059
347	3	3	1	0:00:03.012065
348	3	3	1	0:00:03.121244
349	3	3	1	0:00:03.092756
350	3	3	1	0:00:03.139894
351	3	3	1	0:00:03.087260
352	3	3	1	0:00:02.972214
353	3	4	0	0:00:03.066641
354	5	5	1	0:00:03.137785
355	5	5	1	0:00:03.004108
356	5	5	1	0:00:03.024861
357	5	5	1	0:00:03.035216
358	5	5	1	0:00:03.045674
359	5	5	1	0:00:03.019494
360	5	5	1	0:00:02.997726
361	5	5	1	0:00:03.156886
362	5	5	1	0:00:03.122966
363	5	5	1	0:00:02.998009
364	5	5	1	0:00:03.060335
365	5	5	1	0:00:03.081523
366	5	5	1	0:00:03.093167
367	5	5	1	0:00:03.139226
368	5	5	1	0:00:03.003577
369	5	5	1	0:00:03.060104
370	5	5	1	0:00:03.044950
371	5	5	1	0:00:03.075938
372	5	5	1	0:00:03.060900
373	5	5	1	0:00:03.044629
374	5	5	1	0:00:03.065012
375	5	5	1	0:00:03.128484
376	5	5	1	0:00:03.058822
377	5	5	1	0:00:03.137138
378	5	5	1	0:00:03.086255
379	5	5	1	0:00:03.131009
380	5	5	1	0:00:03.046655
381	5	5	1	0:00:03.121291
382	5	5	1	0:00:03.106236
383	5	5	1	0:00:03.025519
384	0	0	1	0:00:03.136311
385	0	0	1	0:00:03.081233
386	0	0	1	0:00:03.082665
387	0	0	1	0:00:03.058809
388	0	0	1	0:00:03.173000
389	0	0	1	0:00:03.065782
390	0	0	1	0:00:02.988843
391	0	0	1	0:00:03.061199
392	0	0	1	0:00:03.117787
393	0	0	1	0:00:03.017773
394	0	0	1	0:00:03.143506
395	0	0	1	0:00:03.073221
396	0	0	1	0:00:03.089243
397	0	0	1	0:00:03.099411
398	0	0	1	0:00:03.058666
399	0	0	1	0:00:03.040986
400	0	0	1	0:00:03.020203
401	0	0	1	0:00:03.045918
402	0	0	1	0:00:03.212929
403	0	0	1	0:00:03.010147
404	0	0	1	0:00:03.087265
405	0	0	1	0:00:03.025038
406	0	0	1	0:00:03.073350
407	0	0	1	0:00:03.038429
408	0	0	1	0:00:02.989477
409	0	0	1	0:00:03.059329
410	0	0	1	0:00:03.063848
411	0	0	1	0:00:03.131129
412	0	0	1	0:00:03.138202
413	0	0	1	0:00:03.034833
414	0	0	1	0:00:03.111880
415	2	1	0	0:00:03.091358
416	2	2	1	0:00:03.007742
417	2	2	1	0:00:03.036379
418	2	1	0	0:00:03.000719
419	2	1	0	0:00:03.065105
420	2	0	0	0:00:03.052824
421	2	0	0	0:00:03.002965
422	2	0	0	0:00:03.044148
423	2	2	1	0:00:03.039075
424	2	2	1	0:00:03.187315
425	2	0	0	0:00:03.097671
426	2	0	0	0:00:03.000318
427	2	2	1	0:00:03.043806
428	2	1	0	0:00:03.026239
429	2	2	1	0:00:03.064092
430	2	0	0	0:00:03.098820
431	2	0	0	0:00:03.001831
432	2	2	1	0:00:02.990112
433	2	2	1	0:00:03.091847
434	2	2	1	0:00:03.039387
435	2	2	1	0:00:03.024143
436	2	0	0	0:00:03.028125
437	2	1	0	0:00:03.087751
438	1	1	1	0:00:03.055409
439	1	1	1	0:00:03.051903
440	1	1	1	0:00:03.040425
441	1	1	1	0:00:03.085676
442	1	0	0	0:00:03.020306
443	1	1	1	0:00:03.087229
444	1	1	1	0:00:03.087082
445	1	0	0	0:00:03.026875
446	1	0	0	0:00:03.171589
447	1	0	0	0:00:03.072716
448	1	0	0	0:00:03.062843
449	1	0	0	0:00:03.060547
450	1	0	0	0:00:03.030000
451	1	1	1	0:00:03.060285
452	1	0	0	0:00:03.042284
453	1	0	0	0:00:03.017346
454	1	0	0	0:00:03.037027
455	1	0	0	0:00:03.011983
456	1	0	0	0:00:03.030064
457	1	0	0	0:00:03.045063
458	1	1	1	0:00:03.009475
459	1	1	1	0:00:03.045242
460	1	1	1	0:00:03.045895
461	1	0	0	0:00:02.996322
462	1	0	0	0:00:03.036285
463	1	1	1	0:00:03.037077
464	1	2	0	0:00:03.010146
465	1	2	0	0:00:03.037014
466	4	3	0	0:00:03.043071
467	4	4	1	0:00:03.009629
468	4	4	1	0:00:03.031380
469	4	4	1	0:00:03.037747
470	4	4	1	0:00:03.005742
471	4	4	1	0:00:03.035299
472	4	4	1	0:00:03.035178
473	4	4	1	0:00:03.048498
474	4	4	1	0:00:03.042146
475	4	4	1	0:00:03.042498
476	4	4	1	0:00:03.033192
477	4	4	1	0:00:03.050533
478	4	4	1	0:00:03.032026
479	4	3	0	0:00:03.044253
480	4	3	0	0:00:03.026805
481	4	4	1	0:00:03.047987
482	4	4	1	0:00:03.032786
483	4	3	0	0:00:03.038665
484	4	4	1	0:00:03.031671
485	4	4	1	0:00:03.040264
486	4	4	1	0:00:03.033380
487	4	4	1	0:00:03.042844
488	4	4	1	0:00:03.028903
489	4	3	0	0:00:03.044090
490	4	3	0	0:00:03.032307
491	4	3	0	0:00:03.044524
492	4	4	1	0:00:03.026763
493	4	4	1	0:00:03.043607
494	3	3	1	0:00:03.030573
495	3	3	1	0:00:03.045423
496	3	3	1	0:00:03.028270
497	3	3	1	0:00:03.043854
498	3	3	1	0:00:03.032957
499	3	3	1	0:00:03.041807
500	3	3	1	0:00:03.027632
501	3	3	1	0:00:03.060506
502	3	3	1	0:00:03.035485
503	3	3	1	0:00:03.049433
504	3	3	1	0:00:03.030892
505	3	3	1	0:00:03.040209
506	3	3	1	0:00:03.042631
507	3	3	1	0:00:03.059923
508	3	3	1	0:00:03.041943
509	3	3	1	0:00:03.034956
510	3	4	0	0:00:03.036522
511	3	3	1	0:00:03.029705
512	3	4	0	0:00:03.047051
513	3	4	0	0:00:03.038893
514	3	4	0	0:00:03.036127
515	3	4	0	0:00:03.052697
516	3	4	0	0:00:03.050430
517	3	4	0	0:00:03.033526
518	3	4	0	0:00:03.041668
519	3	4	0	0:00:03.046951
520	5	5	1	0:00:03.045846
521	5	5	1	0:00:03.029687
522	5	5	1	0:00:03.204151
523	5	5	1	0:00:03.333932
524	5	5	1	0:00:03.051181
525	5	5	1	0:00:03.191773
526	5	5	1	0:00:03.337986
527	5	5	1	0:00:03.039512
528	5	5	1	0:00:03.044787
529	5	5	1	0:00:03.030068
530	5	5	1	0:00:03.039892
531	5	5	1	0:00:03.028181
532	5	5	1	0:00:03.037558
533	5	5	1	0:00:03.031976
534	5	5	1	0:00:03.042486
535	5	5	1	0:00:03.043125
536	5	5	1	0:00:03.023991
537	5	5	1	0:00:03.030522
538	5	5	1	0:00:03.045125
539	5	5	1	0:00:03.042656
540	5	5	1	0:00:03.024135
541	5	5	1	0:00:03.043135
542	5	5	1	0:00:03.032874
543	5	5	1	0:00:03.040978
544	0	0	1	0:00:03.027997
545	0	0	1	0:00:03.035602
546	0	0	1	0:00:03.031180
547	0	0	1	0:00:03.045599
548	0	0	1	0:00:03.038823
549	0	0	1	0:00:03.027800
550	0	0	1	0:00:03.029227
551	0	0	1	0:00:02.231572
552	0	0	1	0:00:01.480434
553	0	0	1	0:00:01.483530
554	0	0	1	0:00:01.478460
555	0	0	1	0:00:01.477892
556	0	0	1	0:00:01.484144
557	0	0	1	0:00:01.477694
558	0	2	0	0:00:02.131922
559	0	0	1	0:00:02.994830
560	0	0	1	0:00:03.020509
561	0	0	1	0:00:02.957465
562	0	0	1	0:00:03.006716
563	0	0	1	0:00:03.023839
564	0	0	1	0:00:02.997505
565	0	0	1	0:00:03.042415
566	0	0	1	0:00:03.046013
567	0	0	1	0:00:03.085113
568	0	0	1	0:00:03.044502
569	0	0	1	0:00:03.023327
570	0	0	1	0:00:03.045283
571	0	0	1	0:00:03.061659
572	0	0	1	0:00:03.085277
573	2	0	0	0:00:03.078376
574	2	2	1	0:00:03.084630
575	2	2	1	0:00:03.023998
576	2	2	1	0:00:03.066594
577	2	0	0	0:00:03.073203
578	2	2	1	0:00:03.031329
579	2	1	0	0:00:03.051521
580	2	0	0	0:00:03.060371
581	2	2	1	0:00:03.061100
582	2	2	1	0:00:03.025862
583	2	2	1	0:00:03.063161
584	2	2	1	0:00:03.047564
585	2	2	1	0:00:03.008526
586	2	2	1	0:00:03.069506
587	2	2	1	0:00:03.104010
588	2	2	1	0:00:03.045938
589	2	2	1	0:00:03.077762
590	2	2	1	0:00:03.053418
591	2	2	1	0:00:03.049676
592	2	0	0	0:00:03.062894
593	2	2	1	0:00:03.048734
594	2	2	1	0:00:03.105481
595	1	1	1	0:00:03.077945
596	1	1	1	0:00:03.035890
597	1	1	1	0:00:03.073746
598	1	0	0	0:00:03.058459
599	1	0	0	0:00:03.023797
600	1	0	0	0:00:03.049381
601	1	0	0	0:00:03.054898
602	1	0	0	0:00:03.016034
603	1	1	1	0:00:03.053117
604	1	1	1	0:00:03.051634
605	1	1	1	0:00:03.023104
606	1	1	1	0:00:03.045609
607	1	0	0	0:00:03.046325
608	1	0	0	0:00:03.019711
609	1	0	0	0:00:03.042371
610	1	0	0	0:00:03.045261
611	1	1	1	0:00:03.011666
612	1	1	1	0:00:03.054029
613	1	1	1	0:00:03.050403
614	1	0	0	0:00:03.006757
615	1	0	0	0:00:03.046483
616	1	0	0	0:00:03.031387
617	1	0	0	0:00:03.010976
618	1	0	0	0:00:03.047117
619	4	4	1	0:00:03.044862
620	4	3	0	0:00:03.008780
621	4	3	0	0:00:03.043514
622	4	4	1	0:00:03.040385
623	4	3	0	0:00:03.012314
624	4	3	0	0:00:03.019129
625	4	3	0	0:00:03.036008
626	4	3	0	0:00:03.025591
627	4	3	0	0:00:03.042901
628	4	3	0	0:00:03.049932
629	4	4	1	0:00:03.018858
630	4	3	0	0:00:03.031985
631	4	3	0	0:00:03.042417
632	4	3	0	0:00:03.021209
633	4	3	0	0:00:03.040591
634	4	3	0	0:00:03.045013
635	4	3	0	0:00:03.019032
636	4	4	1	0:00:03.039213
637	4	4	1	0:00:03.043393
638	4	4	1	0:00:03.013165
639	4	4	1	0:00:03.039399
640	4	4	1	0:00:03.043942
641	3	3	1	0:00:03.014110
642	3	3	1	0:00:03.043934
643	3	3	1	0:00:03.048933
644	3	3	1	0:00:03.013996
645	3	3	1	0:00:03.091971
646	3	3	1	0:00:03.080115
647	3	3	1	0:00:03.031140
648	3	3	1	0:00:03.059374
649	3	3	1	0:00:03.068974
650	3	3	1	0:00:03.084580
651	3	3	1	0:00:03.113155
652	3	3	1	0:00:03.029170
653	3	3	1	0:00:03.059963
654	3	3	1	0:00:03.040253
655	3	3	1	0:00:03.019297
656	3	3	1	0:00:03.050094
657	3	3	1	0:00:03.044072
658	3	3	1	0:00:03.023166
659	3	3	1	0:00:03.049517
660	3	3	1	0:00:03.029072
661	3	4	0	0:00:03.035742
662	3	4	0	0:00:03.039439
663	3	3	1	0:00:03.011053
664	3	3	1	0:00:03.041728
665	3	3	1	0:00:03.089818
666	5	5	1	0:00:03.053178
667	5	5	1	0:00:03.061876
668	5	5	1	0:00:03.058167
669	5	5	1	0:00:03.023825
670	5	5	1	0:00:03.050070
671	5	5	1	0:00:03.044379
672	5	5	1	0:00:03.018373
673	5	5	1	0:00:03.045090
674	5	5	1	0:00:03.031013
675	5	5	1	0:00:03.032443
676	5	5	1	0:00:03.044410
677	5	5	1	0:00:03.009768
678	5	5	1	0:00:03.035888
679	5	5	1	0:00:03.045112
680	5	5	1	0:00:03.028510
681	5	5	1	0:00:03.056076
682	5	5	1	0:00:03.062194
683	5	5	1	0:00:03.037868
684	5	5	1	0:00:03.065288
685	5	5	1	0:00:03.065323
686	5	5	1	0:00:03.012706
687	5	5	1	0:00:03.068765
688	5	5	1	0:00:03.051001
689	5	5	1	0:00:03.024164
690	0	0	1	0:00:03.037466
691	0	0	1	0:00:03.034175
692	0	0	1	0:00:03.041389
693	0	0	1	0:00:03.054050
694	0	0	1	0:00:03.021693
695	0	0	1	0:00:03.046541
696	0	0	1	0:00:03.050393
697	0	0	1	0:00:03.013106
698	0	0	1	0:00:03.041069
699	0	0	1	0:00:03.044671
700	0	0	1	0:00:02.998780
701	0	0	1	0:00:03.032056
702	0	0	1	0:00:03.039488
703	0	2	0	0:00:03.004683
704	0	0	1	0:00:03.043382
705	0	0	1	0:00:03.037599
706	0	0	1	0:00:03.004813
707	0	0	1	0:00:03.040416
708	0	0	1	0:00:03.026703
709	0	0	1	0:00:03.001801
710	0	0	1	0:00:03.037565
711	0	0	1	0:00:03.035681
712	0	0	1	0:00:02.997679
713	0	0	1	0:00:03.036017
714	0	0	1	0:00:03.037843
715	0	0	1	0:00:03.006568
716	2	1	0	0:00:03.046157
717	2	2	1	0:00:03.038179
718	2	0	0	0:00:02.995736
719	2	0	0	0:00:03.034979
720	2	2	1	0:00:03.035195
721	2	0	0	0:00:03.007271
722	2	0	0	0:00:03.040792
723	1	2	0	0:00:03.030911
724	1	0	0	0:00:03.015854
725	1	1	1	0:00:03.043345
726	1	0	0	0:00:03.017418
727	1	0	0	0:00:03.018965
728	1	0	0	0:00:03.040888
729	1	0	0	0:00:03.020213
730	1	0	0	0:00:03.036510
731	1	0	0	0:00:03.075096
732	1	1	1	0:00:03.049386
733	2	2	1	0:00:03.065202
734	2	0	0	0:00:03.090416
735	2	0	0	0:00:03.050310
736	2	0	0	0:00:03.067502
737	2	2	1	0:00:03.051655
738	2	0	0	0:00:03.011087
739	1	2	0	0:00:03.045738
740	1	0	0	0:00:03.019217
741	1	0	0	0:00:03.038048
742	1	0	0	0:00:03.039832
743	1	0	0	0:00:03.001479
744	1	0	0	0:00:03.045825
745	1	0	0	0:00:03.050845
746	1	0	0	0:00:03.009139
747	2	2	1	0:00:03.039208
748	2	2	1	0:00:03.037901
749	2	0	0	0:00:02.999916
750	2	2	1	0:00:03.080099
751	2	2	1	0:00:03.076799
752	2	0	0	0:00:03.025321
753	2	2	1	0:00:03.060990
754	2	2	1	0:00:03.041775
755	1	2	0	0:00:03.020839
756	1	0	0	0:00:03.049482
757	1	0	0	0:00:03.011047
758	1	0	0	0:00:03.033031
759	1	0	0	0:00:03.049292
760	1	0	0	0:00:03.010213
761	1	0	0	0:00:03.041730
762	1	0	0	0:00:03.041235
763	4	4	1	0:00:03.004861
764	4	4	1	0:00:03.034322
765	4	4	1	0:00:03.031708
766	4	3	0	0:00:03.003424
767	4	3	0	0:00:03.038346
768	4	3	0	0:00:03.042156
769	4	3	0	0:00:03.000608
770	4	3	0	0:00:03.043037
771	4	3	0	0:00:03.011155
772	4	3	0	0:00:03.088899
773	4	3	0	0:00:03.054536
774	4	3	0	0:00:03.070044
775	4	4	1	0:00:03.046362
776	4	3	0	0:00:03.055210
777	4	3	0	0:00:03.047452
778	4	3	0	0:00:03.051656
779	4	3	0	0:00:03.038487
780	4	3	0	0:00:03.048358
781	4	3	0	0:00:03.035920
782	4	3	0	0:00:03.049259
783	4	3	0	0:00:03.073186
784	4	3	0	0:00:03.069358
785	4	3	0	0:00:03.053984
786	3	4	0	0:00:03.053379
787	3	3	1	0:00:03.089198
788	3	4	0	0:00:03.060948
789	3	4	0	0:00:03.043138
790	3	4	0	0:00:03.078924
791	3	4	0	0:00:03.065372
792	3	1	0	0:00:03.064934
793	3	5	0	0:00:03.039288
794	3	3	1	0:00:03.048895
795	3	3	1	0:00:03.055729
796	3	3	1	0:00:03.049172
797	3	5	0	0:00:03.032923
798	3	3	1	0:00:03.043440
799	3	3	1	0:00:03.054712
800	3	3	1	0:00:03.050279
801	3	3	1	0:00:03.042646
802	3	3	1	0:00:03.039921
803	3	3	1	0:00:03.049695
804	3	3	1	0:00:03.046134
805	3	3	1	0:00:03.035599
806	3	4	0	0:00:03.040167
807	3	4	0	0:00:03.044415
808	3	4	0	0:00:03.046691
809	3	3	1	0:00:03.035047
810	3	3	1	0:00:03.043136
811	5	5	1	0:00:03.033581
812	5	5	1	0:00:03.051949
813	5	5	1	0:00:03.032962
814	5	5	1	0:00:03.047065
815	5	5	1	0:00:03.045923
816	5	5	1	0:00:03.045647
817	5	5	1	0:00:03.040482
818	5	5	1	0:00:03.049296
819	5	5	1	0:00:03.039044
820	5	5	1	0:00:03.053961
821	5	5	1	0:00:03.034863
822	5	5	1	0:00:03.051438
823	5	5	1	0:00:03.044054
824	5	5	1	0:00:03.048445
825	5	5	1	0:00:03.035754
826	5	5	1	0:00:03.056528
827	5	5	1	0:00:03.040229
828	5	5	1	0:00:03.049633
829	5	5	1	0:00:03.043982
830	5	5	1	0:00:03.044508
831	5	5	1	0:00:03.042642
832	5	5	1	0:00:03.053213
833	5	5	1	0:00:03.045345
834	5	5	1	0:00:03.041328
835	5	5	1	0:00:03.043407
836	5	5	1	0:00:03.049937
837	0	2	0	0:00:03.050530
838	0	2	0	0:00:03.047868
839	0	2	0	0:00:03.044327
840	0	0	1	0:00:03.052712
841	0	0	1	0:00:03.052337
842	0	0	1	0:00:03.036737
843	0	0	1	0:00:03.049028
844	0	0	1	0:00:03.047698
845	0	0	1	0:00:03.052565
846	0	0	1	0:00:03.051376
847	0	0	1	0:00:03.043444
848	0	0	1	0:00:03.050637
849	0	0	1	0:00:03.054320
850	0	2	0	0:00:03.034202
851	0	2	0	0:00:02.691240
852	0	0	1	0:00:01.474483
853	0	0	1	0:00:01.478873
854	0	0	1	0:00:01.482142
855	0	0	1	0:00:01.470342
856	0	0	1	0:00:01.472941
857	0	0	1	0:00:01.477587
858	0	0	1	0:00:01.702797
859	0	0	1	0:00:02.996892
860	0	0	1	0:00:02.966465
861	0	0	1	0:00:03.000845
862	0	2	0	0:00:03.007739
863	2	0	0	0:00:02.983600
864	2	2	1	0:00:03.054968
865	2	0	0	0:00:03.050930
866	2	0	0	0:00:03.057053
867	2	2	1	0:00:03.058619
868	2	2	1	0:00:03.000838
869	2	0	0	0:00:03.054225
870	2	0	0	0:00:03.067342
871	2	0	0	0:00:03.038284
872	2	0	0	0:00:03.065341
873	2	0	0	0:00:03.060677
874	2	2	1	0:00:03.046632
875	2	0	0	0:00:03.048829
876	2	0	0	0:00:03.065502
877	1	2	0	0:00:03.055419
878	1	2	0	0:00:03.092623
879	1	2	0	0:00:03.106448
880	1	1	1	0:00:03.101004
881	1	0	0	0:00:03.110319
882	1	0	0	0:00:03.102508
883	1	0	0	0:00:03.036177
884	1	2	0	0:00:03.084812
885	1	2	0	0:00:03.099391
886	1	2	0	0:00:03.048840
887	1	2	0	0:00:03.121485
888	1	0	0	0:00:03.062793
889	1	0	0	0:00:03.089163
890	1	0	0	0:00:03.060640
891	1	0	0	0:00:02.997304
892	1	2	0	0:00:03.109365
893	1	2	0	0:00:03.075899
894	1	2	0	0:00:03.042299
895	1	0	0	0:00:03.059315
896	1	0	0	0:00:03.051962
897	1	0	0	0:00:03.038676
898	1	0	0	0:00:03.061283
899	1	2	0	0:00:03.050676
900	2	0	0	0:00:03.029804
901	2	0	0	0:00:03.054166
902	2	2	1	0:00:03.062387
903	2	0	0	0:00:03.080807
904	2	0	0	0:00:03.082250
905	2	0	0	0:00:03.069697
906	2	0	0	0:00:03.033934
907	4	4	1	0:00:03.067572
908	4	4	1	0:00:03.051148
909	4	4	1	0:00:03.032098
910	4	4	1	0:00:03.051489
911	4	4	1	0:00:03.020298
912	4	4	1	0:00:03.037352
913	4	4	1	0:00:03.051964
914	4	4	1	0:00:03.053200
915	4	4	1	0:00:03.074179
916	4	4	1	0:00:03.059964
917	4	4	1	0:00:03.023434
918	4	4	1	0:00:03.047256
919	4	4	1	0:00:03.047737
920	4	4	1	0:00:03.055300
921	4	4	1	0:00:03.094626
922	4	4	1	0:00:03.082073
923	4	4	1	0:00:03.114285
924	4	4	1	0:00:03.102131
925	4	4	1	0:00:03.085706
926	4	4	1	0:00:03.070249
927	4	4	1	0:00:03.054376
928	4	4	1	0:00:03.020580
929	4	4	1	0:00:03.093307
930	3	3	1	0:00:03.034734
931	3	3	1	0:00:03.059752
932	3	3	1	0:00:03.077667
933	3	3	1	0:00:03.035749
934	3	3	1	0:00:03.059335
935	3	3	1	0:00:03.053378
936	3	3	1	0:00:03.021058
937	3	3	1	0:00:03.048862
938	3	3	1	0:00:03.048443
939	3	3	1	0:00:03.016872
940	3	3	1	0:00:03.047467
941	3	3	1	0:00:03.033023
942	3	3	1	0:00:03.077017
943	3	3	1	0:00:03.074101
944	3	3	1	0:00:03.040071
945	3	3	1	0:00:03.064462
946	3	3	1	0:00:03.064410
947	3	3	1	0:00:03.032333
948	3	3	1	0:00:03.089512
949	3	3	1	0:00:03.041532
950	3	3	1	0:00:03.054569
951	3	3	1	0:00:03.056877
952	3	3	1	0:00:03.020717
953	3	3	1	0:00:03.052639
954	5	5	1	0:00:03.077432
955	5	5	1	0:00:03.035352
956	5	5	1	0:00:03.100081
957	5	5	1	0:00:03.061655
958	5	5	1	0:00:03.047098
959	5	5	1	0:00:03.056393
960	5	5	1	0:00:03.024651
961	5	5	1	0:00:03.046229
962	5	5	1	0:00:03.043999
963	5	5	1	0:00:03.006450
964	5	5	1	0:00:03.033946
965	5	5	1	0:00:03.040655
966	5	5	1	0:00:03.008732
967	5	5	1	0:00:03.048815
968	5	5	1	0:00:03.038849
969	5	2	0	0:00:03.002395
970	5	2	0	0:00:03.048944
971	5	5	1	0:00:03.084389
972	5	5	1	0:00:03.038261
973	5	5	1	0:00:03.061733
974	5	5	1	0:00:03.036072
975	5	5	1	0:00:03.091762
976	5	5	1	0:00:03.068765
977	5	5	1	0:00:03.036725
978	5	5	1	0:00:03.095776
979	5	5	1	0:00:03.090051
980	5	5	1	0:00:03.067215
981	5	5	1	0:00:03.067342
982	5	5	1	0:00:03.032964
983	5	5	1	0:00:03.048478
984	5	5	1	0:00:03.057049
985	0	0	1	0:00:03.029481
986	0	0	1	0:00:03.065699
987	0	0	1	0:00:03.081476
988	0	0	1	0:00:03.022548
989	0	0	1	0:00:03.066895
990	0	0	1	0:00:03.018120
991	0	0	1	0:00:03.112611
992	0	0	1	0:00:03.089500
993	0	0	1	0:00:03.035872
994	0	0	1	0:00:03.058700
995	0	0	1	0:00:03.052760
996	0	0	1	0:00:03.019581
997	0	0	1	0:00:03.077861
998	0	0	1	0:00:03.021230
999	0	0	1	0:00:03.069245
1000	0	0	1	0:00:03.053104
1001	0	0	1	0:00:03.026695
1002	0	0	1	0:00:03.053047
1003	0	0	1	0:00:03.047146
1004	0	0	1	0:00:03.003369
1005	0	0	1	0:00:03.038823
1006	0	0	1	0:00:03.049460
1007	0	0	1	0:00:03.018072
1008	0	0	1	0:00:03.050199
1009	0	0	1	0:00:03.037626
1010	0	0	1	0:00:03.015338
1011	0	0	1	0:00:03.040700
1012	2	0	0	0:00:03.046764
1013	2	2	1	0:00:03.066505
1014	2	2	1	0:00:03.066825
1015	2	2	1	0:00:03.069542
1016	2	2	1	0:00:03.115953
1017	2	1	0	0:00:03.089293
1018	2	0	0	0:00:03.088882
1019	2	0	0	0:00:03.072185
1020	2	2	1	0:00:03.030280
1021	2	2	1	0:00:03.059791
1022	2	2	1	0:00:03.054560
1023	2	2	1	0:00:03.021450
1024	2	0	0	0:00:03.054090
1025	2	2	1	0:00:03.036948
1026	2	0	0	0:00:03.018847
1027	2	2	1	0:00:03.045710
1028	2	0	0	0:00:03.019381
1029	2	2	1	0:00:03.095329
1030	2	0	0	0:00:03.049603
1031	1	0	0	0:00:03.049958
1032	1	2	0	0:00:03.062574
1033	1	2	0	0:00:03.064494
1034	1	0	0	0:00:03.019514
1035	1	0	0	0:00:03.053740
1036	1	0	0	0:00:03.040669
1037	1	0	0	0:00:03.018891
1038	1	0	0	0:00:03.044092
1039	1	0	0	0:00:03.012802
1040	1	1	1	0:00:03.028270
1041	1	0	0	0:00:03.039913
1042	1	0	0	0:00:03.013156
1043	1	0	0	0:00:03.034045
1044	1	0	0	0:00:03.039338
1045	1	0	0	0:00:03.026032
1046	1	0	0	0:00:03.090215
1047	1	2	0	0:00:03.067056
1048	1	2	0	0:00:03.033012
1049	1	0	0	0:00:03.052052
1050	1	0	0	0:00:03.030874
1051	1	0	0	0:00:03.036690
1052	1	0	0	0:00:03.057065
1053	1	2	0	0:00:03.009446
1054	4	3	0	0:00:03.040904
1055	4	3	0	0:00:03.044866
1056	4	3	0	0:00:03.011598
1057	4	3	0	0:00:03.039417
1058	4	3	0	0:00:03.033880
1059	4	3	0	0:00:03.004268
1060	4	3	0	0:00:03.027618
1061	4	3	0	0:00:03.037667
1062	4	3	0	0:00:03.005588
1063	4	3	0	0:00:03.043008
1064	4	3	0	0:00:03.039569
1065	4	3	0	0:00:03.001980
1066	4	3	0	0:00:03.032208
1067	4	3	0	0:00:03.036125
1068	4	3	0	0:00:03.008594
1069	4	3	0	0:00:03.034747
1070	4	3	0	0:00:03.016705
1071	4	3	0	0:00:03.052185
1072	4	3	0	0:00:03.050772
1073	4	3	0	0:00:03.040041
1074	4	3	0	0:00:03.050828
1075	3	4	0	0:00:03.048185
1076	3	4	0	0:00:03.043396
1077	3	4	0	0:00:03.031012
1078	3	4	0	0:00:03.025207
1079	3	4	0	0:00:03.044947
1080	3	4	0	0:00:03.050100
1081	3	4	0	0:00:03.036276
1082	3	4	0	0:00:03.091690
1083	3	4	0	0:00:03.079116
1084	3	4	0	0:00:03.063263
1085	3	4	0	0:00:03.048271
1086	3	4	0	0:00:03.049497
1087	3	4	0	0:00:03.054953
1088	3	4	0	0:00:03.045875
1089	3	4	0	0:00:03.054506
1090	3	4	0	0:00:03.078053
1091	3	4	0	0:00:03.044787
1092	3	4	0	0:00:03.039573
1093	3	4	0	0:00:03.055679
1094	3	4	0	0:00:03.045252
1095	3	4	0	0:00:03.043302
1096	3	4	0	0:00:03.030576
1097	3	4	0	0:00:03.051574
1098	3	4	0	0:00:03.038193
1099	3	4	0	0:00:03.062696
1100	3	4	0	0:00:03.068570
1101	3	4	0	0:00:03.061230
1102	3	4	0	0:00:03.041998
1103	3	4	0	0:00:03.060115
1104	3	4	0	0:00:03.050664
1105	5	5	1	0:00:03.061352
1106	5	5	1	0:00:03.042044
1107	5	5	1	0:00:03.052790
1108	5	5	1	0:00:03.040320
1109	5	5	1	0:00:03.057369
1110	5	5	1	0:00:03.032563
1111	5	5	1	0:00:03.045242
1112	5	5	1	0:00:03.024892
1113	5	5	1	0:00:03.057509
1114	5	5	1	0:00:03.069997
1115	5	5	1	0:00:03.089302
1116	5	5	1	0:00:03.051567
1117	5	5	1	0:00:03.075237
1118	5	5	1	0:00:03.045294
1119	5	5	1	0:00:03.057846
1120	5	5	1	0:00:03.048198
1121	5	5	1	0:00:03.058354
1122	5	5	1	0:00:03.045475
1123	5	5	1	0:00:03.057661
1124	5	5	1	0:00:03.040220
1125	5	5	1	0:00:03.060580
1126	5	5	1	0:00:03.045655
1127	5	5	1	0:00:03.052551
1128	5	5	1	0:00:03.039360
1129	5	5	1	0:00:03.051028
1130	5	5	1	0:00:03.051952
1131	5	5	1	0:00:03.050695
1132	0	2	0	0:00:03.056913
1133	0	0	1	0:00:03.050523
1134	0	2	0	0:00:03.043207
1135	0	2	0	0:00:03.057297
1136	0	0	1	0:00:03.050307
1137	0	0	1	0:00:01.577686
1138	0	0	1	0:00:02.363913
1139	0	2	0	0:00:03.056633
1140	0	2	0	0:00:03.100855
1141	0	2	0	0:00:03.064545
1142	0	2	0	0:00:03.062218
1143	0	0	1	0:00:03.053724
1144	0	0	1	0:00:03.060520
1145	0	0	1	0:00:03.075875
1146	0	0	1	0:00:03.072861
1147	0	0	1	0:00:03.048722
1148	0	0	1	0:00:03.060522
1149	0	2	0	0:00:03.038413
1150	0	2	0	0:00:03.058844
1151	0	2	0	0:00:03.028847
1152	0	2	0	0:00:01.566658
1153	0	2	0	0:00:01.511221
1154	0	2	0	0:00:01.534384
1155	0	0	1	0:00:01.515942
1156	0	0	1	0:00:01.521722
1157	0	2	0	0:00:01.517433
1158	2	0	0	0:00:01.509679
1159	2	2	1	0:00:02.920416
1160	2	2	1	0:00:03.027243
1161	2	0	0	0:00:03.000239
1162	2	0	0	0:00:03.006525
1163	2	2	1	0:00:03.028642
1164	2	0	0	0:00:03.005786
1165	2	2	1	0:00:03.045894
1166	2	2	1	0:00:03.056718
1167	2	2	1	0:00:03.022237
1168	2	2	1	0:00:03.053358
1169	2	2	1	0:00:03.055303
1170	2	2	1	0:00:03.031139
1171	2	2	1	0:00:03.056082
1172	2	2	1	0:00:03.062319
1173	2	0	0	0:00:03.015494
1174	2	0	0	0:00:03.057616
1175	2	2	1	0:00:03.064599
1176	2	0	0	0:00:03.037767
1177	1	2	0	0:00:03.063230
1178	1	2	0	0:00:03.054298
1179	1	1	1	0:00:03.033020
1180	1	0	0	0:00:03.058018
1181	1	2	0	0:00:03.091900
1182	1	2	0	0:00:03.056996
1183	1	2	0	0:00:03.050956
1184	1	2	0	0:00:03.066542
1185	1	2	0	0:00:03.026828
1186	1	2	0	0:00:03.065066
1187	1	0	0	0:00:03.060327
1188	1	0	0	0:00:03.020724
1189	1	2	0	0:00:03.049694
1190	1	2	0	0:00:03.105929
1191	1	2	0	0:00:03.053307
1192	1	2	0	0:00:03.065502
1193	1	0	0	0:00:03.115791
1194	1	2	0	0:00:03.069403
1195	1	2	0	0:00:03.094698
1196	1	0	0	0:00:03.089208
1197	1	2	0	0:00:03.066678
1198	1	2	0	0:00:03.084538
1199	1	2	0	0:00:03.073897
1200	1	2	0	0:00:03.076679
1201	4	4	1	0:00:03.080448
1202	4	4	1	0:00:03.066345
1203	4	4	1	0:00:03.058936
1204	4	4	1	0:00:03.068269
1205	4	4	1	0:00:03.051823
1206	4	4	1	0:00:03.089442
1207	4	4	1	0:00:03.125231
1208	4	4	1	0:00:03.076941
1209	4	4	1	0:00:03.099673
1210	4	4	1	0:00:03.073875
1211	4	4	1	0:00:03.082488
1212	4	4	1	0:00:03.079220
1213	4	4	1	0:00:03.024389
1214	4	4	1	0:00:03.052550
1215	4	4	1	0:00:03.058857
1216	4	4	1	0:00:03.014038
1217	4	4	1	0:00:03.054568
1218	4	4	1	0:00:03.058479
1219	4	4	1	0:00:03.012348
1220	4	4	1	0:00:03.044543
1221	4	4	1	0:00:03.064873
1222	4	4	1	0:00:03.065886
1223	4	4	1	0:00:03.072529
1224	4	4	1	0:00:03.061954
1225	4	4	1	0:00:03.039756
1226	4	4	1	0:00:03.050783
1227	4	4	1	0:00:03.034197
1228	3	3	1	0:00:03.038716
1229	3	3	1	0:00:03.054813
1230	3	3	1	0:00:03.015375
1231	3	3	1	0:00:03.049668
1232	3	3	1	0:00:03.046476
1233	3	3	1	0:00:03.066701
1234	3	3	1	0:00:03.082508
1235	3	3	1	0:00:03.074600
1236	3	3	1	0:00:03.037115
1237	3	3	1	0:00:03.053042
1238	3	3	1	0:00:03.052375
1239	3	3	1	0:00:03.011775
1240	3	3	1	0:00:03.050345
1241	3	3	1	0:00:03.038569
1242	3	4	0	0:00:03.024766
1243	3	3	1	0:00:03.047803
1244	3	4	0	0:00:03.022963
1245	3	3	1	0:00:03.048076
1246	3	4	0	0:00:03.051284
1247	3	4	0	0:00:03.023945
1248	3	4	0	0:00:03.039163
1249	3	3	1	0:00:03.043438
1250	3	3	1	0:00:03.021218
1251	3	4	0	0:00:03.046230
1252	3	4	0	0:00:03.046731
1253	3	4	0	0:00:03.012259
1254	3	4	0	0:00:03.044117
1255	3	4	0	0:00:03.045085
1256	5	5	1	0:00:03.010160
1257	5	5	1	0:00:03.046637
1258	5	5	1	0:00:03.041215
1259	5	5	1	0:00:03.013461
1260	5	5	1	0:00:03.041863
1261	5	5	1	0:00:03.041910
1262	5	5	1	0:00:03.016452
1263	5	5	1	0:00:03.039576
1264	5	5	1	0:00:03.048757
1265	5	5	1	0:00:03.015127
1266	5	5	1	0:00:03.041898
1267	5	5	1	0:00:03.041763
1268	5	5	1	0:00:03.017187
1269	5	5	1	0:00:03.041114
1270	5	5	1	0:00:03.021353
1271	5	5	1	0:00:03.027581
1272	5	5	1	0:00:03.048464
1273	5	5	1	0:00:03.011157
1274	5	5	1	0:00:03.033895
1275	5	5	1	0:00:03.041411
1276	5	5	1	0:00:03.004647
1277	5	5	1	0:00:03.040448
1278	5	5	1	0:00:03.044682
1279	5	5	1	0:00:03.003308
1280	5	5	1	0:00:03.047787
1281	5	5	1	0:00:03.043837
1282	5	5	1	0:00:03.010071
1283	0	0	1	0:00:03.038679
1284	0	0	1	0:00:03.060853
1285	0	0	1	0:00:03.093218
1286	0	0	1	0:00:03.116596
1287	0	0	1	0:00:03.054014
1288	0	0	1	0:00:03.072623
1289	0	0	1	0:00:03.062022
1290	0	0	1	0:00:03.018079
1291	0	0	1	0:00:03.078325
1292	0	0	1	0:00:03.069422
1293	0	0	1	0:00:03.034551
1294	0	0	1	0:00:03.091730
1295	0	0	1	0:00:03.061836
1296	0	0	1	0:00:03.067341
1297	0	2	0	0:00:03.083879
1298	0	0	1	0:00:03.033973
1299	0	0	1	0:00:03.080614
1300	0	0	1	0:00:03.066441
1301	0	0	1	0:00:03.098244
1302	0	0	1	0:00:03.068351
1303	0	0	1	0:00:03.031883
1304	0	0	1	0:00:03.044904
1305	0	0	1	0:00:03.067067
1306	0	0	1	0:00:03.053981
1307	0	0	1	0:00:03.079172
1308	0	0	1	0:00:03.035009
1309	0	0	1	0:00:03.054297
1310	2	2	1	0:00:03.049374
1311	2	0	0	0:00:03.028577
1312	2	0	0	0:00:03.061532
1313	2	0	0	0:00:03.069697
1314	2	0	0	0:00:03.044655
1315	2	0	0	0:00:03.059561
1316	2	0	0	0:00:03.058760
1317	2	1	0	0:00:03.017810
1318	2	1	0	0:00:03.054674
1319	2	0	0	0:00:03.066086
1320	2	0	0	0:00:03.061292
1321	2	0	0	0:00:03.062827
1322	2	0	0	0:00:03.018352
1323	2	0	0	0:00:03.053744
1324	2	0	0	0:00:03.049639
1325	2	0	0	0:00:03.001141
1326	2	0	0	0:00:03.052768
1327	2	0	0	0:00:03.104325
1328	2	0	0	0:00:03.047570
1329	2	0	0	0:00:03.043554
1330	2	0	0	0:00:03.030475
1331	2	0	0	0:00:03.038018
1332	2	0	0	0:00:03.054832
1333	2	2	1	0:00:03.020573
1334	2	1	0	0:00:03.046607
1335	1	0	0	0:00:03.049061
1336	1	0	0	0:00:02.997301
1337	1	1	1	0:00:03.052084
1338	1	1	1	0:00:03.090217
1339	1	0	0	0:00:03.060989
1340	1	0	0	0:00:03.080680
1341	1	0	0	0:00:03.027009
1342	1	0	0	0:00:03.044199
1343	1	0	0	0:00:03.057746
1344	1	0	0	0:00:03.028427
1345	1	0	0	0:00:03.034701
1346	1	0	0	0:00:03.097196
1347	1	1	1	0:00:03.044325
1348	1	0	0	0:00:03.059073
1349	1	0	0	0:00:03.046836
1350	1	0	0	0:00:03.032289
1351	1	0	0	0:00:03.053431
1352	1	0	0	0:00:03.037639
1353	1	0	0	0:00:03.109404
1354	1	0	0	0:00:03.083058
1355	1	0	0	0:00:03.048701
1356	1	1	1	0:00:03.071667
1357	1	0	0	0:00:03.059327
1358	1	0	0	0:00:03.068478
1359	1	0	0	0:00:03.062561
1360	1	0	0	0:00:03.024096
1361	1	0	0	0:00:03.045974
1362	4	0	0	0:00:03.048852
1363	4	0	0	0:00:03.017311
1364	4	4	1	0:00:03.040060
1365	4	4	1	0:00:03.043480
1366	4	4	1	0:00:03.007689
1367	4	4	1	0:00:03.074454
1368	4	4	1	0:00:03.049962
1369	4	4	1	0:00:03.052688
1370	4	4	1	0:00:03.050781
1371	4	4	1	0:00:03.075699
1372	4	4	1	0:00:03.086480
1373	4	4	1	0:00:03.075637
1374	4	4	1	0:00:03.067131
1375	4	4	1	0:00:03.066635
1376	4	4	1	0:00:03.077252
1377	4	4	1	0:00:03.063987
1378	4	4	1	0:00:03.058644
1379	4	4	1	0:00:03.043540
1380	4	4	1	0:00:03.045024
1381	4	4	1	0:00:03.055705
1382	4	4	1	0:00:03.048772
1383	4	4	1	0:00:03.051608
1384	4	4	1	0:00:03.055923
1385	4	4	1	0:00:03.088274
1386	4	4	1	0:00:03.050993
1387	4	4	1	0:00:03.059988
1388	4	4	1	0:00:03.041570
1389	4	4	1	0:00:03.061186
1390	4	4	1	0:00:03.039224
1391	4	4	1	0:00:03.059289
1392	4	4	1	0:00:03.040306
1393	4	4	1	0:00:03.073675
1394	4	4	1	0:00:03.050354
1395	4	4	1	0:00:03.087989
1396	3	3	1	0:00:03.063127
1397	3	3	1	0:00:03.068273
1398	3	3	1	0:00:03.049313
1399	3	3	1	0:00:03.058394
1400	3	3	1	0:00:03.053166
1401	3	3	1	0:00:03.058057
1402	3	3	1	0:00:03.032092
1403	3	3	1	0:00:03.063607
1404	3	3	1	0:00:03.058835
1405	3	4	0	0:00:03.060215
1406	3	4	0	0:00:03.059901
1407	3	4	0	0:00:03.069986
1408	3	4	0	0:00:03.063274
1409	3	4	0	0:00:03.065185
1410	3	4	0	0:00:03.028806
1411	3	4	0	0:00:03.052496
1412	3	4	0	0:00:03.060740
1413	3	4	0	0:00:03.054261
1414	3	4	0	0:00:03.039952
1415	3	4	0	0:00:03.043963
1416	3	4	0	0:00:03.051052
1417	3	3	1	0:00:03.053266
1418	3	3	1	0:00:03.036330
1419	5	5	1	0:00:03.039095
1420	5	5	1	0:00:03.047057
1421	5	5	1	0:00:03.046512
1422	5	5	1	0:00:03.035433
1423	5	5	1	0:00:03.044346
1424	5	5	1	0:00:03.044238
1425	5	5	1	0:00:03.050687
1426	5	5	1	0:00:03.036622
1427	5	5	1	0:00:03.048403
1428	5	5	1	0:00:03.045228
1429	5	5	1	0:00:03.051972
1430	5	5	1	0:00:03.036277
1431	5	5	1	0:00:03.051349
1432	5	5	1	0:00:03.045384
1433	5	5	1	0:00:03.049746
1434	5	5	1	0:00:03.033556
1435	5	5	1	0:00:03.052306
1436	5	5	1	0:00:03.036998
1437	5	5	1	0:00:03.049183
1438	5	5	1	0:00:03.044448
1439	5	5	1	0:00:03.047863
1440	5	5	1	0:00:03.046678
1441	5	5	1	0:00:03.047088
1442	5	5	1	0:00:03.047685
1443	5	5	1	0:00:03.032476
1444	5	5	1	0:00:03.045394
1445	5	5	1	0:00:03.053077
1446	5	5	1	0:00:03.052467
1447	5	5	1	0:00:03.043507
1448	5	5	1	0:00:03.041611
1449	5	5	1	0:00:03.053140
1450	5	5	1	0:00:03.053417
1451	5	5	1	0:00:01.631900
1452	0	2	0	0:00:01.475568
1453	0	0	1	0:00:01.472402
1454	0	0	1	0:00:01.479580
1455	0	0	1	0:00:01.472756
1456	0	0	1	0:00:01.473652
1457	0	0	1	0:00:01.476682
1458	0	0	1	0:00:02.742984
1459	0	0	1	0:00:02.964946
1460	0	0	1	0:00:03.001831
1461	0	0	1	0:00:02.973786
1462	0	0	1	0:00:03.016464
1463	0	0	1	0:00:03.024414
1464	0	2	0	0:00:03.012074
1465	0	0	1	0:00:03.039939
1466	0	0	1	0:00:03.035694
1467	0	0	1	0:00:03.018296
1468	0	0	1	0:00:03.051975
1469	0	0	1	0:00:03.054641
1470	0	0	1	0:00:03.025031
1471	0	0	1	0:00:03.064024
1472	0	0	1	0:00:03.048675
1473	0	0	1	0:00:03.029352
1474	0	0	1	0:00:03.055522
1475	2	0	0	0:00:03.060526
1476	2	0	0	0:00:03.025735
1477	2	2	1	0:00:03.056063
1478	2	0	0	0:00:03.066665
1479	2	0	0	0:00:03.029855
1480	2	0	0	0:00:03.050391
1481	2	2	1	0:00:03.114050
1482	2	0	0	0:00:03.071091
1483	2	2	1	0:00:03.083252
1484	2	2	1	0:00:03.076914
1485	2	2	1	0:00:03.042039
1486	2	0	0	0:00:03.065853
1487	2	0	0	0:00:03.062709
1488	2	1	0	0:00:03.030642
1489	2	0	0	0:00:03.069705
1490	2	2	1	0:00:03.065354
1491	2	2	1	0:00:03.006968
1492	2	0	0	0:00:03.062210
1493	2	0	0	0:00:03.053962
1494	2	1	0	0:00:03.023846
1495	2	0	0	0:00:03.052067
1496	1	1	1	0:00:03.058261
1497	1	0	0	0:00:03.026092
1498	1	1	1	0:00:03.051599
1499	1	1	1	0:00:03.055836
1500	1	0	0	0:00:03.024681
1501	1	0	0	0:00:03.044325
1502	1	0	0	0:00:03.052456
1503	1	0	0	0:00:03.022166
1504	1	1	1	0:00:03.049801
1505	1	0	0	0:00:03.066560
1506	1	0	0	0:00:03.059073
1507	1	0	0	0:00:03.072052
1508	1	0	0	0:00:03.073825
1509	1	0	0	0:00:03.027378
1510	1	0	0	0:00:03.060503
1511	1	0	0	0:00:03.051596
1512	1	0	0	0:00:03.024310
1513	1	0	0	0:00:03.051764
1514	1	0	0	0:00:03.039819
1515	1	1	1	0:00:03.045609
1516	1	0	0	0:00:03.050218
1517	1	0	0	0:00:03.027805
1518	1	0	0	0:00:03.043733
1519	1	0	0	0:00:03.038951
1520	1	1	1	0:00:03.009125
1521	4	4	1	0:00:03.044679
1522	4	4	1	0:00:03.052057
1523	4	4	1	0:00:03.012515
1524	4	4	1	0:00:03.045675
1525	4	4	1	0:00:03.031015
1526	4	4	1	0:00:03.021144
1527	4	4	1	0:00:03.046487
1528	4	4	1	0:00:03.047115
1529	4	4	1	0:00:03.007595
1530	4	4	1	0:00:03.037587
1531	4	4	1	0:00:03.048854
1532	4	4	1	0:00:03.008539
1533	4	4	1	0:00:03.053566
1534	4	4	1	0:00:03.042283
1535	4	4	1	0:00:03.021907
1536	4	4	1	0:00:03.043762
1537	4	4	1	0:00:03.073989
1538	4	4	1	0:00:03.052445
1539	4	4	1	0:00:03.067872
1540	4	4	1	0:00:03.069619
1541	4	4	1	0:00:03.044351
1542	4	4	1	0:00:03.041514
1543	4	4	1	0:00:03.011725
1544	4	4	1	0:00:03.038869
1545	4	4	1	0:00:03.045641
1546	4	4	1	0:00:03.010874
1547	4	4	1	0:00:03.033597
1548	3	3	1	0:00:03.023180
1549	3	3	1	0:00:03.010945
1550	3	3	1	0:00:03.027769
1551	3	3	1	0:00:03.053562
1552	3	3	1	0:00:03.055667
1553	3	3	1	0:00:03.070815
1554	3	3	1	0:00:03.060061
1555	3	3	1	0:00:03.020204
1556	3	3	1	0:00:03.048794
1557	3	3	1	0:00:03.055581
1558	3	3	1	0:00:03.059700
1559	3	3	1	0:00:03.074279
1560	3	3	1	0:00:03.027657
1561	3	4	0	0:00:03.059735
1562	3	3	1	0:00:03.051314
1563	3	3	1	0:00:03.021014
1564	3	3	1	0:00:03.043289
1565	3	3	1	0:00:03.053512
1566	3	3	1	0:00:03.003765
1567	3	3	1	0:00:03.059192
1568	3	3	1	0:00:03.040014
1569	3	3	1	0:00:03.015100
1570	3	3	1	0:00:03.041914
1571	3	3	1	0:00:03.063812
1572	5	5	1	0:00:03.051631
1573	5	5	1	0:00:03.074676
1574	5	5	1	0:00:03.033522
1575	5	5	1	0:00:03.099163
1576	5	5	1	0:00:03.108350
1577	5	5	1	0:00:03.024569
1578	5	5	1	0:00:03.037436
1579	5	5	1	0:00:03.046068
1580	5	5	1	0:00:03.020074
1581	5	5	1	0:00:03.042931
1582	5	5	1	0:00:03.042269
1583	5	5	1	0:00:03.014758
1584	5	5	1	0:00:03.051908
1585	5	5	1	0:00:03.043334
1586	5	5	1	0:00:03.017702
1587	5	5	1	0:00:03.047340
1588	5	5	1	0:00:03.041000
1589	5	5	1	0:00:03.013706
1590	5	5	1	0:00:03.038073
1591	5	5	1	0:00:03.041487
1592	5	5	1	0:00:03.033859
1593	5	5	1	0:00:03.049402
1594	5	5	1	0:00:03.019388
1595	5	5	1	0:00:03.040997
1596	5	5	1	0:00:03.048179
1597	5	5	1	0:00:03.017261
1598	5	5	1	0:00:03.039981
1599	5	5	1	0:00:03.026337
1600	5	5	1	0:00:03.014706
1601	5	5	1	0:00:03.032528
1602	5	5	1	0:00:03.044696
1603	5	5	1	0:00:03.003164
1604	5	5	1	0:00:03.053497
1605	0	1	0	0:00:03.045094
1606	0	1	0	0:00:03.003837
1607	0	0	1	0:00:03.029689
1608	0	0	1	0:00:03.033446
1609	0	0	1	0:00:02.998438
1610	0	1	0	0:00:03.034675
1611	0	1	0	0:00:03.047500
1612	0	1	0	0:00:03.002517
1613	0	0	1	0:00:03.033799
1614	0	1	0	0:00:03.026153
1615	0	1	0	0:00:02.986001
1616	0	0	1	0:00:03.025777
1617	0	0	1	0:00:03.040534
1618	0	1	0	0:00:03.019049
1619	0	0	1	0:00:03.039444
1620	0	0	1	0:00:03.040133
1621	0	1	0	0:00:03.013543
1622	0	1	0	0:00:03.119289
1623	0	0	1	0:00:03.115856
1624	0	0	1	0:00:03.085662
1625	0	0	1	0:00:03.078697
1626	0	0	1	0:00:03.042409
1627	0	0	1	0:00:03.066284
1628	0	0	1	0:00:03.071130
1629	0	0	1	0:00:03.040134
1630	0	0	1	0:00:03.071496
1631	0	0	1	0:00:03.072228
1632	0	0	1	0:00:03.016422
1633	0	1	0	0:00:03.047125
1634	0	0	1	0:00:03.042227
1635	2	0	0	0:00:03.001277
1636	2	0	0	0:00:03.044771
1637	2	0	0	0:00:03.038582
1638	2	0	0	0:00:03.010119
1639	2	0	0	0:00:03.040710
1640	2	0	0	0:00:03.018329
1641	2	0	0	0:00:03.010373
1642	2	0	0	0:00:03.048734
1643	2	0	0	0:00:03.016366
1644	2	0	0	0:00:03.042358
1645	2	0	0	0:00:03.044948
1646	2	0	0	0:00:03.006642
1647	2	0	0	0:00:03.030014
1648	2	0	0	0:00:03.039666
1649	2	2	1	0:00:03.000811
1650	2	2	1	0:00:03.031930
1651	2	1	0	0:00:03.042306
1652	2	0	0	0:00:02.999172
1653	2	0	0	0:00:03.043644
1654	2	0	0	0:00:03.050413
1655	2	0	0	0:00:03.009053
1656	2	0	0	0:00:03.043610
1657	2	0	0	0:00:03.045252
1658	2	0	0	0:00:03.006467
1659	2	2	1	0:00:03.041982
1660	2	0	0	0:00:03.047032
1661	2	0	0	0:00:03.003377
1662	1	0	0	0:00:03.045016
1663	1	0	0	0:00:03.030474
1664	1	0	0	0:00:03.010388
1665	1	0	0	0:00:03.043544
1666	1	0	0	0:00:03.036896
1667	1	0	0	0:00:02.992067
1668	1	0	0	0:00:03.035640
1669	1	0	0	0:00:03.039788
1670	1	0	0	0:00:03.011315
1671	1	1	1	0:00:03.081137
1672	1	0	0	0:00:03.099087
1673	1	0	0	0:00:03.079852
1674	1	0	0	0:00:03.075379
1675	1	0	0	0:00:03.063227
1676	1	0	0	0:00:03.055312
1677	1	0	0	0:00:03.058770
1678	1	0	0	0:00:03.049793
1679	1	0	0	0:00:03.048859
1680	1	0	0	0:00:03.042541
1681	1	0	0	0:00:03.041881
1682	1	0	0	0:00:03.055109
1683	1	0	0	0:00:03.053410
1684	1	0	0	0:00:03.045087
1685	1	0	0	0:00:03.044375
1686	1	1	1	0:00:03.050531
1687	1	0	0	0:00:03.051463
1688	1	0	0	0:00:03.040702
1689	1	0	0	0:00:03.037823
1690	1	0	0	0:00:03.071011
1691	1	0	0	0:00:03.054817
1692	1	0	0	0:00:03.055879
1693	4	4	1	0:00:03.047390
1694	4	4	1	0:00:03.051860
1695	4	4	1	0:00:03.051648
1696	4	4	1	0:00:03.040498
1697	4	4	1	0:00:03.042276
1698	4	4	1	0:00:03.055808
1699	4	4	1	0:00:03.043725
1700	4	4	1	0:00:03.045985
1701	4	4	1	0:00:03.042697
1702	4	4	1	0:00:03.057111
1703	4	4	1	0:00:03.057530
1704	4	4	1	0:00:03.046531
1705	4	4	1	0:00:03.048456
1706	4	4	1	0:00:03.056880
1707	4	4	1	0:00:03.051335
1708	4	4	1	0:00:03.047452
1709	4	4	1	0:00:03.048861
1710	4	4	1	0:00:03.052014
1711	4	4	1	0:00:03.044638
1712	4	4	1	0:00:03.049844
1713	4	4	1	0:00:03.041137
1714	4	4	1	0:00:03.056267
1715	4	4	1	0:00:03.054118
1716	4	4	1	0:00:03.047649
1717	4	4	1	0:00:03.049451
1718	4	4	1	0:00:03.049961
1719	4	4	1	0:00:03.056414
1720	4	4	1	0:00:03.049131
1721	4	4	1	0:00:03.046889
1722	4	4	1	0:00:03.058480
1723	3	3	1	0:00:03.057328
1724	3	3	1	0:00:03.044728
1725	3	3	1	0:00:03.056376
1726	3	3	1	0:00:03.060997
1727	3	3	1	0:00:03.057229
1728	3	3	1	0:00:03.049029
1729	3	3	1	0:00:03.056034
1730	3	3	1	0:00:03.051890
1731	3	3	1	0:00:03.063016
1732	3	3	1	0:00:03.045075
1733	3	3	1	0:00:03.053837
1734	3	3	1	0:00:03.051795
1735	3	3	1	0:00:03.051361
1736	3	3	1	0:00:03.047020
1737	3	3	1	0:00:03.053218
1738	3	3	1	0:00:03.038532
1739	3	3	1	0:00:03.053513
1740	3	3	1	0:00:03.034023
1741	3	3	1	0:00:03.044712
1742	3	3	1	0:00:03.042731
1743	3	3	1	0:00:03.056370
1744	3	3	1	0:00:03.036177
1745	3	3	1	0:00:03.051779
1746	3	3	1	0:00:03.047299
1747	3	3	1	0:00:03.087035
1748	5	5	1	0:00:03.061252
1749	5	5	1	0:00:03.079204
1750	5	5	1	0:00:03.055415
1751	5	5	1	0:00:02.124166
1752	5	5	1	0:00:01.473145
1753	5	5	1	0:00:01.466819
1754	5	5	1	0:00:01.459896
1755	5	5	1	0:00:01.466158
1756	5	5	1	0:00:01.461071
1757	5	5	1	0:00:01.461447
1758	5	5	1	0:00:02.244966
1759	5	5	1	0:00:03.003005
1760	5	5	1	0:00:02.991458
1761	5	5	1	0:00:02.986886
1762	5	5	1	0:00:03.016126
1763	5	5	1	0:00:02.988562
1764	5	5	1	0:00:03.033300
1765	5	5	1	0:00:03.106045
1766	5	5	1	0:00:03.079231
1767	5	5	1	0:00:03.098442
1768	5	5	1	0:00:03.103811
1769	5	5	1	0:00:03.079040
1770	5	5	1	0:00:03.097674
1771	5	5	1	0:00:03.072010
1772	5	5	1	0:00:03.093585
1773	5	5	1	0:00:03.114659
1774	5	5	1	0:00:03.051633
1775	5	5	1	0:00:03.061857
1776	5	5	1	0:00:03.081269
1777	0	0	1	0:00:03.049334
1778	0	0	1	0:00:03.058405
1779	0	0	1	0:00:03.068368
1780	0	0	1	0:00:03.039830
1781	0	0	1	0:00:03.053608
1782	0	0	1	0:00:03.062323
1783	0	0	1	0:00:03.072767
1784	0	0	1	0:00:03.055463
1785	0	0	1	0:00:03.116280
1786	0	0	1	0:00:03.054684
1787	0	0	1	0:00:03.079285
1788	0	0	1	0:00:03.079449
1789	0	0	1	0:00:03.046059
1790	0	0	1	0:00:03.096881
1791	0	0	1	0:00:03.091540
1792	0	0	1	0:00:03.052215
1793	0	0	1	0:00:03.084055
1794	0	0	1	0:00:03.066058
1795	0	0	1	0:00:03.041778
1796	0	0	1	0:00:03.041314
1797	0	0	1	0:00:03.059037
1798	0	0	1	0:00:03.023979
1799	0	0	1	0:00:03.064652
1800	0	0	1	0:00:03.060870
1801	0	0	1	0:00:03.050672
1802	0	1	0	0:00:03.070033
1803	0	1	0	0:00:03.064426
1804	2	0	0	0:00:03.028103
1805	2	0	0	0:00:03.060006
1806	2	2	1	0:00:03.059396
1807	2	0	0	0:00:03.005769
1808	2	0	0	0:00:03.036493
1809	2	2	1	0:00:03.036637
1810	2	1	0	0:00:03.014831
1811	2	0	0	0:00:03.058484
1812	2	2	1	0:00:03.036357
1813	2	2	1	0:00:03.013972
1814	2	2	1	0:00:03.040652
1815	2	0	0	0:00:03.058107
1816	2	0	0	0:00:03.028018
1817	2	1	0	0:00:03.074872
1818	2	0	0	0:00:03.068270
1819	2	2	1	0:00:03.050050
1820	2	2	1	0:00:03.041552
1821	2	0	0	0:00:03.053663
1822	2	0	0	0:00:03.030484
1823	2	1	0	0:00:03.045120
1824	1	0	0	0:00:03.033372
1825	1	0	0	0:00:03.035575
1826	1	0	0	0:00:03.057152
1827	1	0	0	0:00:03.034700
1828	1	0	0	0:00:03.042740
1829	1	0	0	0:00:03.058678
1830	1	0	0	0:00:03.003535
1831	1	0	0	0:00:03.038069
1832	1	0	0	0:00:03.040249
1833	1	0	0	0:00:03.012638
1834	1	0	0	0:00:03.045697
1835	1	0	0	0:00:03.045442
1836	1	0	0	0:00:03.016878
1837	1	0	0	0:00:03.047849
1838	1	0	0	0:00:03.045645
1839	1	0	0	0:00:03.010220
1840	1	0	0	0:00:03.038338
1841	1	0	0	0:00:03.040499
1842	1	1	1	0:00:03.012073
1843	1	0	0	0:00:03.053550
1844	1	0	0	0:00:03.081966
1845	1	0	0	0:00:03.050971
1846	1	0	0	0:00:03.067637
1847	1	0	0	0:00:03.052134
1848	4	4	1	0:00:03.022174
1849	4	4	1	0:00:03.040634
1850	4	4	1	0:00:03.028375
1851	4	4	1	0:00:03.030572
1852	4	4	1	0:00:03.050972
1853	4	4	1	0:00:03.009111
1854	4	4	1	0:00:03.041944
1855	4	4	1	0:00:03.074219
1856	4	4	1	0:00:03.042000
1857	4	4	1	0:00:03.057651
1858	4	4	1	0:00:03.048764
1859	4	4	1	0:00:03.025878
1860	4	4	1	0:00:03.052524
1861	4	4	1	0:00:03.043197
1862	4	4	1	0:00:03.008080
1863	4	4	1	0:00:03.047283
1864	4	4	1	0:00:03.043014
1865	4	4	1	0:00:03.007854
1866	4	4	1	0:00:03.042378
1867	4	4	1	0:00:03.031196
1868	4	4	1	0:00:03.020723
1869	4	4	1	0:00:03.057238
1870	4	4	1	0:00:03.052242
1871	4	4	1	0:00:03.064313
1872	4	4	1	0:00:03.055541
1873	4	4	1	0:00:03.035431
1874	4	4	1	0:00:03.054552
1875	4	4	1	0:00:03.050056
1876	4	4	1	0:00:03.016654
1877	4	4	1	0:00:03.047403
1878	4	4	1	0:00:03.044935
1879	4	4	1	0:00:03.020856
1880	4	4	1	0:00:03.098790
1881	4	4	1	0:00:03.029773
1882	4	4	1	0:00:03.068083
1883	4	4	1	0:00:03.074717
1884	4	4	1	0:00:03.087035
1885	4	4	1	0:00:03.084533
1886	4	4	1	0:00:03.048846
1887	4	4	1	0:00:03.052265
1888	3	3	1	0:00:03.058855
1889	3	3	1	0:00:03.021815
1890	3	3	1	0:00:03.077455
1891	3	3	1	0:00:03.071290
1892	3	3	1	0:00:03.047606
1893	3	3	1	0:00:03.059365
1894	3	3	1	0:00:03.041660
1895	3	3	1	0:00:03.121599
1896	3	3	1	0:00:03.084749
1897	3	3	1	0:00:03.038766
1898	3	3	1	0:00:03.080057
1899	3	3	1	0:00:03.106921
1900	3	3	1	0:00:03.072803
1901	3	3	1	0:00:03.065281
1902	3	3	1	0:00:03.057575
1903	3	3	1	0:00:03.064925
1904	3	3	1	0:00:03.055849
1905	3	3	1	0:00:03.033336
1906	3	3	1	0:00:03.086890
1907	3	3	1	0:00:03.039140
1908	3	3	1	0:00:03.063430
1909	3	3	1	0:00:03.056040
1910	3	3	1	0:00:03.020286
1911	3	3	1	0:00:03.084993
1912	3	3	1	0:00:03.070210
1913	3	3	1	0:00:03.031672
1914	3	3	1	0:00:03.048482
1915	3	3	1	0:00:03.054575
1916	3	3	1	0:00:03.021303
1917	3	3	1	0:00:03.048080
1918	5	5	1	0:00:03.022086
1919	5	5	1	0:00:03.088404
1920	5	5	1	0:00:03.092933
1921	5	5	1	0:00:03.060586
1922	5	5	1	0:00:03.063576
1923	5	5	1	0:00:03.080659
1924	5	5	1	0:00:03.023049
1925	5	5	1	0:00:03.051581
1926	5	5	1	0:00:03.052666
1927	5	5	1	0:00:03.072105
1928	5	5	1	0:00:03.061457
1929	5	5	1	0:00:03.010785
1930	5	5	1	0:00:03.089619
1931	5	5	1	0:00:03.089580
1932	5	5	1	0:00:03.023658
1933	5	5	1	0:00:03.060692
1934	5	5	1	0:00:03.077978
1935	5	5	1	0:00:03.076306
1936	5	5	1	0:00:03.054353
1937	5	5	1	0:00:03.025378
1938	5	5	1	0:00:03.037644
1939	5	5	1	0:00:03.049741
1940	5	5	1	0:00:03.016661
1941	5	5	1	0:00:03.044364
1942	5	5	1	0:00:03.036064
1943	5	5	1	0:00:03.012288
1944	5	5	1	0:00:03.046731
1945	5	5	1	0:00:03.046656
1946	5	5	1	0:00:03.010461
1947	5	5	1	0:00:03.046504
1948	5	5	1	0:00:03.039467
1949	5	5	1	0:00:03.009219
1950	0	0	1	0:00:03.029023
1951	0	0	1	0:00:03.038373
1952	0	0	1	0:00:03.017108
1953	0	0	1	0:00:03.038314
1954	0	0	1	0:00:03.016758
1955	0	0	1	0:00:03.033324
1956	0	0	1	0:00:03.037738
1957	0	0	1	0:00:03.009957
1958	0	0	1	0:00:03.041234
1959	0	0	1	0:00:03.041407
1960	0	0	1	0:00:03.038387
1961	0	0	1	0:00:03.079250
1962	0	0	1	0:00:03.056273
1963	0	0	1	0:00:03.024510
1964	0	0	1	0:00:03.039861
1965	0	0	1	0:00:03.052447
1966	0	0	1	0:00:03.035156
1967	0	0	1	0:00:03.067561
1968	0	0	1	0:00:03.032411
1969	0	0	1	0:00:03.042357
1970	0	1	0	0:00:03.026495
1971	0	0	1	0:00:03.061162
1972	0	0	1	0:00:03.042262
1973	0	0	1	0:00:03.061810
1974	0	0	1	0:00:03.048750
1975	0	0	1	0:00:03.048005
1976	0	0	1	0:00:03.048476
1977	0	0	1	0:00:03.079837
1978	0	0	1	0:00:03.071179
1979	2	0	0	0:00:03.064886
1980	2	1	0	0:00:03.061358
1981	2	0	0	0:00:03.049829
1982	2	0	0	0:00:03.049930
1983	2	0	0	0:00:03.051064
1984	2	1	0	0:00:03.047346
1985	2	0	0	0:00:03.047499
1986	2	1	0	0:00:03.046632
1987	2	1	0	0:00:03.052392
1988	2	0	0	0:00:03.052995
1989	1	0	0	0:00:03.045883
1990	1	0	0	0:00:03.044327
1991	1	1	1	0:00:03.051064
1992	1	1	1	0:00:03.043950
1993	1	1	1	0:00:03.048661
1994	1	0	0	0:00:03.050382
1995	1	0	0	0:00:03.052517
1996	1	0	0	0:00:03.046480
1997	1	1	1	0:00:03.050256
1998	1	1	1	0:00:03.042775
1999	2	1	0	0:00:03.053035
2000	2	1	0	0:00:03.047485
2001	2	0	0	0:00:03.049288
2002	2	0	0	0:00:03.045802
2003	2	1	0	0:00:03.053149
2004	2	2	1	0:00:03.041238
2005	2	2	1	0:00:03.054157
2006	2	1	0	0:00:03.043353
2007	2	0	0	0:00:03.052732
2008	1	1	1	0:00:03.042612
2009	1	0	0	0:00:03.048742
2010	1	0	0	0:00:03.026914
2011	1	1	1	0:00:03.054963
2012	1	1	1	0:00:03.041462
2013	1	0	0	0:00:03.051097
2014	1	0	0	0:00:03.046147
2015	1	1	1	0:00:03.052070
2016	1	0	0	0:00:03.050678
2017	2	0	0	0:00:03.057922
2018	2	1	0	0:00:03.043900
2019	2	0	0	0:00:03.057917
2020	2	0	0	0:00:03.056217
2021	2	0	0	0:00:03.051413
2022	2	0	0	0:00:03.052946
2023	2	0	0	0:00:03.053620
2024	2	1	0	0:00:03.059213
2025	2	1	0	0:00:03.047040
2026	1	0	0	0:00:03.041433
2027	1	1	1	0:00:03.051900
2028	1	1	1	0:00:03.060111
2029	1	1	1	0:00:03.046016
2030	1	1	1	0:00:03.047733
2031	1	0	0	0:00:03.056887
2032	1	0	0	0:00:03.052954
2033	1	0	0	0:00:03.062233
2034	1	1	1	0:00:03.049650
2035	1	1	1	0:00:03.063076
2036	4	4	1	0:00:03.055948
2037	4	4	1	0:00:03.048597
2038	4	4	1	0:00:03.049773
2039	4	4	1	0:00:03.057832
2040	4	4	1	0:00:03.056179
2041	4	4	1	0:00:03.048417
2042	4	4	1	0:00:03.055322
2043	4	4	1	0:00:03.054048
2044	4	4	1	0:00:03.058662
2045	4	4	1	0:00:03.048040
2046	4	4	1	0:00:03.042207
2047	4	4	1	0:00:03.053618
2048	4	4	1	0:00:03.054332
2049	4	4	1	0:00:03.047070
2050	4	4	1	0:00:02.575473
2051	4	4	1	0:00:01.464612
2052	4	4	1	0:00:01.474778
2053	4	4	1	0:00:01.466757
2054	4	4	1	0:00:01.466542
2055	4	4	1	0:00:01.466737
2056	4	4	1	0:00:01.468279
2057	4	4	1	0:00:01.838577
2058	4	4	1	0:00:02.993602
2059	4	4	1	0:00:02.961430
2060	4	4	1	0:00:02.996063
2061	4	4	1	0:00:02.975870
2062	4	4	1	0:00:03.023246
2063	4	4	1	0:00:03.027951
2064	4	4	1	0:00:02.982931
2065	4	4	1	0:00:03.045896
2066	4	4	1	0:00:03.051730
2067	4	4	1	0:00:03.014442
2068	4	4	1	0:00:03.061392
2069	3	3	1	0:00:03.059084
2070	3	3	1	0:00:03.023396
2071	3	3	1	0:00:03.086034
2072	3	3	1	0:00:03.088640
2073	3	3	1	0:00:03.045979
2074	3	3	1	0:00:03.065627
2075	3	3	1	0:00:03.066933
2076	3	3	1	0:00:03.030115
2077	3	3	1	0:00:03.235376
2078	3	3	1	0:00:03.144507
2079	3	3	1	0:00:03.074483
2080	3	3	1	0:00:03.076047
2081	3	3	1	0:00:03.039428
2082	3	4	0	0:00:03.065189
2083	3	4	0	0:00:03.051393
2084	3	4	0	0:00:03.032154
2085	3	4	0	0:00:03.034944
2086	3	4	0	0:00:03.092184
2087	3	4	0	0:00:03.227927
2088	3	4	0	0:00:03.059996
2089	3	4	0	0:00:03.213408
2090	3	4	0	0:00:03.092848
2091	3	4	0	0:00:03.070263
2092	3	4	0	0:00:03.042453
2093	3	4	0	0:00:03.063659
2094	3	4	0	0:00:03.063654
2095	3	4	0	0:00:03.128267
2096	5	5	1	0:00:03.084378
2097	5	5	1	0:00:03.054012
2098	5	5	1	0:00:03.057694
2099	5	5	1	0:00:03.070887
2100	5	5	1	0:00:03.076795
2101	5	5	1	0:00:03.065400
2102	5	5	1	0:00:03.078089
2103	5	5	1	0:00:03.053676
2104	5	5	1	0:00:03.067739
2105	5	5	1	0:00:03.060868
2106	5	5	1	0:00:03.020543
2107	5	5	1	0:00:03.069505
2108	5	5	1	0:00:03.109598
2109	5	5	1	0:00:03.053621
2110	5	5	1	0:00:03.150718
2111	5	5	1	0:00:03.020659
2112	5	5	1	0:00:03.048390
2113	5	5	1	0:00:03.053873
2114	5	5	1	0:00:03.025205
2115	5	5	1	0:00:03.041923
2116	5	5	1	0:00:03.097356
2117	5	5	1	0:00:03.052914
2118	5	5	1	0:00:03.067635
2119	5	5	1	0:00:03.024148
2120	5	5	1	0:00:03.062891
2121	5	5	1	0:00:03.062820
2122	5	5	1	0:00:03.013191
2123	5	5	1	0:00:03.049601
2124	5	5	1	0:00:03.048307
2125	5	5	1	0:00:03.011493
2126	5	5	1	0:00:03.046923
2127	5	5	1	0:00:03.157966
2128	5	5	1	0:00:03.007218
2129	0	1	0	0:00:03.040197
2130	0	1	0	0:00:03.042030
2131	0	1	0	0:00:03.022072
2132	0	0	1	0:00:03.159662
2133	0	0	1	0:00:03.014799
2134	0	1	0	0:00:03.045120
2135	0	0	1	0:00:03.069739
2136	0	0	1	0:00:03.038917
2137	0	1	0	0:00:03.056111
2138	0	0	1	0:00:03.062352
2139	0	0	1	0:00:03.007593
2140	0	1	0	0:00:03.043495
2141	0	1	0	0:00:03.048323
2142	0	0	1	0:00:03.006310
2143	0	0	1	0:00:03.037867
2144	0	0	1	0:00:03.034571
2145	0	0	1	0:00:03.022090
2146	0	0	1	0:00:03.045034
2147	0	0	1	0:00:03.004857
2148	0	0	1	0:00:03.029776
2149	0	0	1	0:00:03.048795
2150	0	0	1	0:00:03.009151
2151	0	0	1	0:00:03.042867
2152	0	0	1	0:00:03.033221
2153	0	0	1	0:00:03.009206
2154	0	1	0	0:00:03.045614
2155	0	1	0	0:00:03.041562
2156	2	0	0	0:00:03.008522
2157	2	0	0	0:00:03.087804
2158	2	0	0	0:00:03.057905
2159	2	0	0	0:00:03.064826
2160	2	0	0	0:00:03.069051
2161	2	0	0	0:00:03.032476
2162	2	0	0	0:00:03.056326
2163	2	1	0	0:00:03.064799
2164	2	1	0	0:00:03.010806
2165	2	0	0	0:00:03.039596
2166	2	0	0	0:00:03.047285
2167	2	2	1	0:00:03.018442
2168	2	2	1	0:00:03.041111
2169	2	0	0	0:00:03.045840
2170	2	0	0	0:00:03.011137
2171	2	0	0	0:00:03.037349
2172	2	1	0	0:00:03.013428
2173	2	1	0	0:00:03.030505
2174	1	1	1	0:00:03.021548
2175	1	0	0	0:00:02.998573
2176	1	1	1	0:00:03.035197
2177	1	1	1	0:00:03.045755
2178	1	0	0	0:00:03.017126
2179	1	0	0	0:00:03.045749
2180	1	0	0	0:00:03.084529
2181	1	0	0	0:00:03.072420
2182	1	0	0	0:00:03.092369
2183	1	0	0	0:00:03.061991
2184	1	0	0	0:00:03.074574
2185	1	1	1	0:00:03.081422
2186	1	1	1	0:00:03.057657
2187	1	0	0	0:00:03.068925
2188	1	0	0	0:00:03.071604
2189	1	0	0	0:00:03.053070
2190	1	0	0	0:00:03.072731
2191	1	0	0	0:00:03.069145
2192	1	0	0	0:00:03.080849
2193	1	0	0	0:00:03.073124
2194	1	1	1	0:00:03.028975
2195	1	0	0	0:00:03.062543
2196	1	1	1	0:00:03.022968
2197	1	0	0	0:00:03.048373
2198	1	0	0	0:00:03.045504
2199	1	0	0	0:00:03.023324
2200	1	0	0	0:00:03.048699
2201	1	0	0	0:00:03.044964
2202	1	0	0	0:00:03.012804
2203	2	0	0	0:00:03.038906
2204	2	1	0	0:00:03.046915
2205	2	0	0	0:00:03.008015
2206	2	0	0	0:00:03.034422
2207	2	0	0	0:00:03.033746
2208	2	0	0	0:00:03.009656
2209	2	0	0	0:00:03.040318
2210	2	1	0	0:00:03.046642
2211	2	1	0	0:00:03.012468
2212	4	4	1	0:00:03.043229
2213	4	4	1	0:00:03.020861
2214	4	4	1	0:00:03.031535
2215	4	4	1	0:00:03.074605
2216	4	4	1	0:00:03.051456
2217	4	4	1	0:00:03.064234
2218	4	4	1	0:00:03.079829
2219	4	4	1	0:00:03.030520
2220	4	4	1	0:00:03.060493
2221	4	4	1	0:00:03.037750
2222	4	4	1	0:00:03.035243
2223	4	4	1	0:00:03.040339
2224	4	4	1	0:00:03.015799
2225	4	4	1	0:00:03.045883
2226	4	4	1	0:00:03.044816
2227	4	4	1	0:00:03.017129
2228	4	4	1	0:00:03.095994
2229	4	4	1	0:00:03.097836
2230	4	4	1	0:00:03.039242
2231	4	4	1	0:00:03.064946
2232	4	4	1	0:00:03.052429
2233	4	4	1	0:00:03.087891
2234	4	4	1	0:00:03.080897
2235	4	4	1	0:00:03.037355
2236	4	4	1	0:00:03.121086
2237	4	4	1	0:00:03.094572
2238	4	4	1	0:00:03.073936
2239	4	4	1	0:00:03.087501
2240	4	4	1	0:00:03.066590
2241	4	4	1	0:00:03.075919
2242	4	4	1	0:00:03.070668
2243	4	4	1	0:00:03.061574
2244	4	4	1	0:00:03.072297
2245	4	4	1	0:00:03.058024
2246	4	4	1	0:00:03.061845
2247	4	4	1	0:00:03.074936
2248	4	4	1	0:00:03.046556
2249	4	4	1	0:00:03.066148
2250	3	3	1	0:00:03.068366
2251	3	3	1	0:00:03.052910
2252	3	3	1	0:00:03.068320
2253	3	3	1	0:00:03.074426
2254	3	3	1	0:00:03.043274
2255	3	3	1	0:00:03.057997
2256	3	3	1	0:00:03.017975
2257	3	3	1	0:00:03.051973
2258	3	3	1	0:00:03.056099
2259	3	3	1	0:00:03.020020
2260	3	3	1	0:00:03.046267
2261	3	3	1	0:00:03.085294
2262	3	3	1	0:00:03.053699
2263	3	3	1	0:00:03.067297
2264	3	3	1	0:00:03.038105
2265	3	3	1	0:00:03.075269
2266	3	3	1	0:00:03.072705
2267	3	3	1	0:00:03.021764
2268	3	3	1	0:00:03.050419
2269	3	3	1	0:00:03.043389
2270	3	3	1	0:00:03.100148
2271	3	3	1	0:00:03.059714
2272	3	3	1	0:00:03.064373
2273	3	3	1	0:00:03.045221
2274	3	3	1	0:00:03.081693
2275	3	3	1	0:00:03.069732
2276	3	4	0	0:00:03.068124
2277	3	4	0	0:00:03.049976
2278	3	4	0	0:00:03.051571
2279	3	4	0	0:00:03.042330
2280	3	3	1	0:00:03.079490
2281	3	3	1	0:00:03.058257
2282	3	3	1	0:00:03.046713
2283	3	3	1	0:00:03.044228
2284	3	3	1	0:00:03.040766
2285	3	3	1	0:00:03.025344
2286	5	5	1	0:00:03.031883
2287	5	5	1	0:00:03.028297
2288	5	5	1	0:00:03.040324
2289	5	5	1	0:00:03.019113
2290	5	5	1	0:00:03.036458
2291	5	5	1	0:00:03.035459
2292	5	5	1	0:00:03.044524
2293	5	5	1	0:00:03.036371
2294	5	5	1	0:00:03.049351
2295	5	5	1	0:00:03.034353
2296	5	5	1	0:00:03.048630
2297	5	5	1	0:00:03.036168
2298	5	5	1	0:00:03.047067
2299	5	5	1	0:00:03.028094
2300	5	5	1	0:00:03.050446
2301	5	5	1	0:00:03.033698
2302	5	5	1	0:00:03.048727
2303	5	5	1	0:00:03.055730
2304	5	5	1	0:00:03.089368
2305	5	5	1	0:00:03.064281
2306	5	5	1	0:00:03.063822
2307	5	5	1	0:00:03.053351
2308	5	5	1	0:00:03.063561
2309	5	5	1	0:00:03.027371
2310	5	5	1	0:00:03.046037
2311	5	5	1	0:00:03.045708
2312	5	5	1	0:00:03.047880
2313	5	5	1	0:00:03.043116
2314	5	5	1	0:00:03.052401
2315	5	5	1	0:00:03.047756
2316	5	5	1	0:00:03.047686
2317	0	0	1	0:00:03.035063
2318	0	0	1	0:00:03.048326
2319	0	1	0	0:00:03.040325
2320	0	1	0	0:00:03.046899
2321	0	0	1	0:00:03.026962
2322	0	0	1	0:00:03.048245
2323	0	1	0	0:00:03.040645
2324	0	1	0	0:00:03.049760
2325	0	0	1	0:00:03.039638
2326	0	1	0	0:00:03.050626
2327	0	0	1	0:00:03.043493
2328	0	1	0	0:00:03.050361
2329	0	1	0	0:00:03.032733
2330	0	1	0	0:00:03.052763
2331	0	1	0	0:00:03.041967
2332	0	1	0	0:00:03.048372
2333	0	0	1	0:00:03.039499
2334	0	0	1	0:00:03.058006
2335	0	0	1	0:00:03.034279
2336	0	0	1	0:00:03.049608
2337	0	0	1	0:00:03.043675
2338	0	0	1	0:00:03.046945
2339	0	0	1	0:00:03.037604
2340	0	1	0	0:00:03.078644
2341	0	1	0	0:00:03.075673
2342	0	0	1	0:00:03.073034
2343	0	1	0	0:00:03.058620
2344	2	0	0	0:00:03.063744
2345	2	2	1	0:00:03.047422
2346	2	0	0	0:00:03.060611
2347	2	2	1	0:00:03.046266
2348	2	2	1	0:00:03.057431
2349	2	2	1	0:00:01.818887
2350	2	0	0	0:00:01.474877
2351	2	0	0	0:00:01.473461
2352	2	0	0	0:00:01.474492
2353	2	0	0	0:00:01.476641
2354	2	0	0	0:00:01.479551
2355	2	0	0	0:00:01.474232
2356	2	2	1	0:00:02.547626
2357	2	0	0	0:00:02.969555
2358	2	0	0	0:00:02.998755
2359	2	0	0	0:00:03.000262
2360	2	2	1	0:00:02.964905
2361	2	2	1	0:00:03.022852
2362	2	0	0	0:00:03.067776
2363	2	0	0	0:00:03.027331
2364	2	2	1	0:00:03.062990
2365	2	2	1	0:00:03.045824
2366	1	0	0	0:00:03.032722
2367	1	0	0	0:00:03.058470
2368	1	1	1	0:00:03.053078
2369	1	0	0	0:00:03.035204
2370	1	0	0	0:00:03.059719
2371	1	0	0	0:00:03.131932
2372	1	1	1	0:00:03.122356
2373	1	0	0	0:00:03.103472
2374	1	0	0	0:00:03.049201
2375	1	0	0	0:00:03.078331
2376	1	0	0	0:00:03.092788
2377	1	0	0	0:00:03.069626
2378	1	0	0	0:00:03.096097
2379	1	0	0	0:00:03.088550
2380	1	0	0	0:00:03.047912
2381	1	0	0	0:00:03.083953
2382	1	0	0	0:00:03.064331
2383	1	0	0	0:00:03.050571
2384	1	1	1	0:00:03.091727
2385	1	0	0	0:00:03.056742
2386	1	2	0	0:00:03.098006
2387	1	0	0	0:00:03.077113
2388	1	0	0	0:00:03.052145
2389	1	0	0	0:00:03.098789
2390	1	0	0	0:00:03.082819
2391	1	0	0	0:00:03.045767
2392	4	0	0	0:00:03.085603
2393	4	4	1	0:00:03.050235
2394	4	4	1	0:00:03.074201
2395	4	4	1	0:00:03.063538
2396	4	4	1	0:00:03.030118
2397	4	4	1	0:00:03.058461
2398	4	4	1	0:00:03.052365
2399	4	4	1	0:00:03.025028
2400	4	4	1	0:00:03.051226
2401	4	4	1	0:00:03.054244
2402	4	4	1	0:00:03.024310
2403	4	4	1	0:00:03.054101
2404	4	4	1	0:00:03.058889
2405	4	4	1	0:00:03.055179
2406	4	4	1	0:00:03.080323
2407	4	0	0	0:00:03.068305
2408	4	0	0	0:00:03.028839
2409	4	4	1	0:00:03.056257
2410	4	4	1	0:00:03.058570
2411	4	4	1	0:00:03.021885
2412	4	4	1	0:00:03.047651
2413	4	4	1	0:00:03.039595
2414	4	4	1	0:00:03.025288
2415	4	4	1	0:00:03.031679
2416	4	4	1	0:00:03.051875
2417	4	4	1	0:00:03.067495
2418	4	4	1	0:00:03.065243
2419	4	4	1	0:00:03.017791
2420	4	4	1	0:00:03.057997
2421	4	4	1	0:00:03.088761
2422	4	4	1	0:00:03.020315
2423	4	4	1	0:00:03.063266
2424	4	4	1	0:00:03.051211
2425	4	4	1	0:00:03.019814
2426	4	4	1	0:00:03.058829
2427	3	3	1	0:00:03.018475
2428	3	3	1	0:00:03.043334
2429	3	3	1	0:00:03.037926
2430	3	3	1	0:00:03.017073
2431	3	3	1	0:00:03.043574
2432	3	3	1	0:00:03.051486
2433	3	3	1	0:00:02.997688
2434	3	3	1	0:00:03.032888
2435	3	3	1	0:00:03.036818
2436	3	3	1	0:00:03.011716
2437	3	3	1	0:00:03.041328
2438	3	3	1	0:00:03.043804
2439	3	3	1	0:00:03.005192
2440	3	3	1	0:00:03.037952
2441	3	4	0	0:00:03.042570
2442	3	4	0	0:00:03.005487
2443	3	3	1	0:00:03.041387
2444	3	4	0	0:00:03.042686
2445	3	4	0	0:00:03.006841
2446	3	4	0	0:00:03.043038
2447	3	4	0	0:00:03.033954
2448	3	4	0	0:00:03.035962
2449	3	4	0	0:00:03.087915
2450	3	4	0	0:00:03.025778
2451	3	4	0	0:00:03.054518
2452	3	4	0	0:00:03.040998
2453	3	3	1	0:00:03.014421
2454	3	3	1	0:00:03.047753
2455	3	4	0	0:00:03.031963
2456	3	3	1	0:00:02.986139
2457	5	5	1	0:00:03.035244
2458	5	5	1	0:00:03.040784
2459	5	5	1	0:00:03.020099
2460	5	5	1	0:00:03.038107
2461	5	5	1	0:00:03.032795
2462	5	5	1	0:00:03.031129
2463	5	5	1	0:00:03.035037
2464	5	5	1	0:00:03.024118
2465	5	5	1	0:00:03.023205
2466	5	5	1	0:00:03.033151
2467	5	5	1	0:00:03.013239
2468	5	5	1	0:00:03.080829
2469	5	5	1	0:00:03.060373
2470	5	5	1	0:00:03.035367
2471	5	5	1	0:00:03.045480
2472	5	5	1	0:00:03.054307
2473	5	5	1	0:00:03.013481
2474	5	5	1	0:00:03.037729
2475	5	5	1	0:00:03.040140
2476	5	5	1	0:00:03.014819
2477	5	5	1	0:00:03.048580
2478	5	5	1	0:00:03.032334
2479	5	5	1	0:00:03.037786
2480	5	5	1	0:00:03.039412
2481	5	5	1	0:00:03.000176
2482	5	5	1	0:00:03.036842
2483	5	5	1	0:00:03.039980
2484	5	5	1	0:00:03.010551
2485	5	5	1	0:00:03.029765
2486	5	5	1	0:00:03.039372
2487	5	5	1	0:00:03.014858
2488	5	5	1	0:00:03.078861
2489	5	5	1	0:00:03.026675
2490	5	5	1	0:00:03.015224
2491	5	5	1	0:00:03.042761
2492	5	5	1	0:00:03.039737
2493	5	5	1	0:00:03.002067
2494	0	0	1	0:00:03.038430
2495	0	2	0	0:00:03.037076
2496	0	2	0	0:00:03.002569
2497	0	2	0	0:00:03.047894
2498	0	2	0	0:00:03.027235
2499	0	0	1	0:00:03.010947
2500	0	0	1	0:00:03.034687
2501	0	0	1	0:00:03.015478
2502	0	0	1	0:00:03.030063
2503	0	0	1	0:00:03.045342
2504	0	0	1	0:00:03.007725
2505	0	0	1	0:00:03.073693
2506	0	2	0	0:00:03.058547
2507	0	2	0	0:00:03.057248
2508	0	0	1	0:00:03.049607
2509	0	0	1	0:00:03.047355
2510	0	0	1	0:00:03.001154
2511	0	0	1	0:00:03.041800
2512	0	0	1	0:00:03.047290
2513	0	0	1	0:00:03.007198
2514	0	2	0	0:00:03.044208
2515	0	2	0	0:00:03.022531
2516	0	2	0	0:00:03.028188
2517	0	0	1	0:00:03.038295
2518	2	0	0	0:00:03.007801
2519	2	0	0	0:00:03.038187
2520	2	2	1	0:00:03.049518
2521	2	2	1	0:00:03.005835
2522	2	0	0	0:00:03.036847
2523	2	0	0	0:00:03.036645
2524	2	0	0	0:00:02.983892
2525	2	0	0	0:00:03.059140
2526	2	2	1	0:00:03.073870
2527	2	2	1	0:00:03.030742
2528	2	2	1	0:00:03.052283
2529	2	2	1	0:00:03.085005
2530	2	2	1	0:00:03.065125
2531	2	2	1	0:00:03.051877
2532	2	2	1	0:00:03.024437
2533	2	2	1	0:00:03.044893
2534	2	2	1	0:00:03.056334
2535	2	2	1	0:00:03.007830
2536	2	2	1	0:00:03.041436
2537	2	0	0	0:00:03.042553
2538	2	2	1	0:00:03.011587
2539	2	2	1	0:00:03.027461
2540	2	2	1	0:00:03.043262
2541	1	2	0	0:00:02.999928
2542	1	0	0	0:00:03.027244
2543	1	2	0	0:00:03.035724
2544	1	2	0	0:00:03.006464
2545	1	2	0	0:00:03.043861
2546	1	2	0	0:00:03.011919
2547	1	0	0	0:00:03.121500
2548	1	1	1	0:00:03.038055
2549	1	0	0	0:00:02.996787
2550	1	2	0	0:00:03.042631
2551	1	2	0	0:00:03.037072
2552	1	0	0	0:00:02.998882
2553	1	0	0	0:00:03.068242
2554	1	0	0	0:00:03.088202
2555	1	0	0	0:00:03.032062
2556	1	0	0	0:00:03.068822
2557	1	0	0	0:00:03.010677
2558	1	2	0	0:00:03.048634
2559	1	0	0	0:00:03.053164
2560	1	2	0	0:00:03.003247
2561	1	2	0	0:00:03.027234
2562	1	2	0	0:00:03.092470
2563	1	2	0	0:00:03.044322
2564	1	1	1	0:00:03.053052
2565	1	2	0	0:00:03.062047
2566	4	4	1	0:00:03.013907
2567	4	4	1	0:00:03.059063
2568	4	4	1	0:00:03.010317
2569	4	4	1	0:00:03.108940
2570	4	4	1	0:00:03.050729
2571	4	3	0	0:00:03.057890
2572	4	4	1	0:00:03.035318
2573	4	3	0	0:00:03.049805
2574	4	3	0	0:00:03.031082
2575	4	3	0	0:00:03.044992
2576	4	3	0	0:00:03.034901
2577	4	3	0	0:00:03.042167
2578	4	3	0	0:00:03.030399
2579	4	3	0	0:00:03.050500
2580	4	3	0	0:00:03.037634
2581	4	3	0	0:00:03.046247
2582	4	3	0	0:00:03.030318
2583	4	4	1	0:00:03.044834
2584	4	4	1	0:00:03.038521
2585	4	3	0	0:00:03.044843
2586	4	4	1	0:00:03.038577
2587	4	4	1	0:00:03.040872
2588	4	4	1	0:00:03.039109
2589	4	4	1	0:00:03.042068
2590	4	4	1	0:00:03.016293
2591	4	4	1	0:00:03.047425
2592	4	4	1	0:00:03.047889
2593	4	4	1	0:00:03.046904
2594	4	3	0	0:00:03.022691
2595	4	3	0	0:00:03.048820
2596	4	3	0	0:00:03.047717
2597	4	4	1	0:00:03.070734
2598	4	4	1	0:00:03.067961
2599	3	3	1	0:00:03.080217
2600	3	3	1	0:00:03.055453
2601	3	3	1	0:00:03.057614
2602	3	3	1	0:00:03.044796
2603	3	3	1	0:00:03.055864
2604	3	3	1	0:00:03.046088
2605	3	3	1	0:00:03.057755
2606	3	3	1	0:00:03.038797
2607	3	3	1	0:00:03.050906
2608	3	3	1	0:00:03.032156
2609	3	3	1	0:00:03.050022
2610	3	3	1	0:00:03.031235
2611	3	3	1	0:00:03.043753
2612	3	3	1	0:00:03.038790
2613	3	3	1	0:00:03.049147
2614	3	3	1	0:00:03.036120
2615	3	3	1	0:00:03.054182
2616	3	3	1	0:00:03.036296
2617	3	3	1	0:00:03.051517
2618	3	3	1	0:00:03.039551
2619	3	3	1	0:00:03.053562
2620	3	3	1	0:00:03.036845
2621	3	3	1	0:00:03.058537
2622	3	3	1	0:00:03.031928
2623	3	3	1	0:00:03.054786
2624	3	3	1	0:00:03.044379
2625	3	3	1	0:00:03.049157
2626	3	3	1	0:00:03.046297
2627	3	3	1	0:00:03.079495
2628	3	3	1	0:00:03.077332
2629	3	3	1	0:00:03.070140
2630	3	3	1	0:00:03.074776
2631	3	3	1	0:00:03.099590
2632	3	3	1	0:00:03.197695
2633	5	5	1	0:00:03.078321
2634	5	5	1	0:00:03.051118
2635	5	5	1	0:00:03.052499
2636	5	5	1	0:00:03.057003
2637	5	5	1	0:00:03.054323
2638	5	5	1	0:00:03.038863
2639	5	5	1	0:00:03.051450
2640	5	5	1	0:00:03.057606
2641	5	5	1	0:00:03.058025
2642	5	5	1	0:00:03.042730
2643	5	5	1	0:00:03.051941
2644	5	5	1	0:00:03.055761
2645	5	5	1	0:00:03.082460
2646	5	5	1	0:00:03.052836
2647	5	5	1	0:00:03.053932
2648	5	5	1	0:00:02.408619
2649	5	5	1	0:00:01.574065
2650	5	5	1	0:00:01.550633
2651	5	5	1	0:00:01.519196
2652	5	5	1	0:00:01.525126
2653	5	5	1	0:00:01.517580
2654	5	5	1	0:00:01.519280
2655	5	5	1	0:00:02.154524
2656	5	5	1	0:00:02.989094
2657	5	5	1	0:00:02.998125
2658	5	5	1	0:00:02.963534
2659	5	5	1	0:00:03.003216
2660	5	5	1	0:00:03.020925
2661	5	5	1	0:00:02.990284
2662	5	5	1	0:00:03.039982
2663	5	5	1	0:00:03.040940
2664	5	5	1	0:00:03.009889
2665	5	5	1	0:00:03.051742
2666	5	5	1	0:00:03.069953
2667	5	5	1	0:00:03.006739
2668	5	5	1	0:00:03.080800
2669	0	0	1	0:00:03.040965
2670	0	0	1	0:00:03.026261
2671	0	0	1	0:00:03.055397
2672	0	0	1	0:00:03.055480
2673	0	0	1	0:00:03.029768
2674	0	0	1	0:00:03.038585
2675	0	0	1	0:00:03.046876
2676	0	0	1	0:00:03.024611
2677	0	0	1	0:00:03.058331
2678	0	0	1	0:00:03.077311
2679	0	0	1	0:00:03.025002
2680	0	0	1	0:00:03.048532
2681	0	0	1	0:00:03.058930
2682	0	0	1	0:00:03.042864
2683	0	0	1	0:00:03.034240
2684	0	0	1	0:00:03.040137
2685	0	0	1	0:00:03.055105
2686	0	0	1	0:00:03.024093
2687	0	0	1	0:00:03.058290
2688	0	0	1	0:00:03.058042
2689	0	0	1	0:00:03.015161
2690	0	0	1	0:00:03.053844
2691	0	0	1	0:00:03.060976
2692	0	0	1	0:00:03.016273
2693	0	0	1	0:00:03.052447
2694	0	0	1	0:00:03.040186
2695	0	0	1	0:00:03.006186
2696	0	0	1	0:00:03.057219
2697	2	0	0	0:00:03.044195
2698	2	0	0	0:00:03.015805
2699	2	0	0	0:00:03.053466
2700	2	0	0	0:00:03.053396
2701	2	0	0	0:00:03.052628
2702	2	0	0	0:00:03.075728
2703	2	0	0	0:00:03.055969
2704	2	0	0	0:00:03.016144
2705	2	0	0	0:00:03.057929
2706	2	0	0	0:00:03.098160
2707	2	0	0	0:00:03.066891
2708	2	0	0	0:00:03.033545
2709	2	0	0	0:00:03.054035
2710	2	0	0	0:00:03.026578
2711	2	0	0	0:00:03.041607
2712	2	1	0	0:00:03.049009
2713	2	0	0	0:00:03.020384
2714	2	1	0	0:00:03.046635
2715	2	1	0	0:00:03.043748
2716	2	0	0	0:00:03.008705
2717	2	2	1	0:00:03.047033
2718	2	0	0	0:00:03.036550
2719	2	0	0	0:00:03.011925
2720	2	0	0	0:00:03.043784
2721	2	0	0	0:00:03.048701
2722	2	0	0	0:00:03.022705
2723	2	0	0	0:00:03.050434
2724	1	0	0	0:00:03.041254
2725	1	0	0	0:00:03.002872
2726	1	0	0	0:00:03.040877
2727	1	1	1	0:00:03.046381
2728	1	0	0	0:00:03.007691
2729	1	0	0	0:00:03.051312
2730	1	0	0	0:00:03.040276
2731	1	0	0	0:00:03.014932
2732	1	1	1	0:00:03.040266
2733	1	1	1	0:00:03.056123
2734	1	1	1	0:00:03.019345
2735	1	0	0	0:00:03.075493
2736	1	1	1	0:00:03.117408
2737	1	1	1	0:00:03.040161
2738	1	0	0	0:00:03.080828
2739	1	0	0	0:00:03.039986
2740	1	0	0	0:00:03.052739
2741	1	0	0	0:00:03.102242
2742	1	0	0	0:00:03.051892
2743	1	1	1	0:00:03.077367
2744	1	0	0	0:00:03.047192
2745	1	0	0	0:00:03.027274
2746	1	1	1	0:00:03.051298
2747	1	0	0	0:00:03.049476
2748	1	0	0	0:00:03.009402
2749	1	0	0	0:00:03.041225
2750	1	0	0	0:00:03.049551
2751	1	0	0	0:00:03.020466
2752	1	0	0	0:00:03.124551
2753	4	4	1	0:00:03.046512
2754	4	4	1	0:00:03.030096
2755	4	4	1	0:00:03.024770
2756	4	4	1	0:00:02.998369
2757	4	4	1	0:00:03.038432
2758	4	4	1	0:00:03.095360
2759	4	4	1	0:00:03.041206
2760	4	4	1	0:00:03.063921
2761	4	4	1	0:00:03.118848
2762	4	4	1	0:00:03.019363
2763	4	4	1	0:00:03.046662
2764	4	4	1	0:00:03.024682
2765	4	4	1	0:00:03.039183
2766	4	4	1	0:00:03.051766
2767	4	4	1	0:00:03.004127
2768	4	4	1	0:00:03.046267
2769	4	4	1	0:00:03.044333
2770	4	4	1	0:00:03.009656
2771	4	4	1	0:00:03.083894
2772	4	4	1	0:00:03.076611
2773	4	4	1	0:00:03.111043
2774	4	4	1	0:00:03.053988
2775	4	4	1	0:00:03.020726
2776	4	4	1	0:00:03.029391
2777	4	4	1	0:00:03.063394
2778	4	4	1	0:00:03.028020
2779	4	4	1	0:00:03.044480
2780	4	4	1	0:00:03.048172
2781	4	4	1	0:00:03.043764
2782	4	4	1	0:00:03.075336
2783	4	4	1	0:00:03.043518
2784	4	4	1	0:00:03.019421
2785	4	4	1	0:00:03.045875
2786	4	4	1	0:00:03.088824
2787	4	4	1	0:00:03.055920
2788	4	4	1	0:00:03.083824
2789	3	3	1	0:00:03.053905
2790	3	3	1	0:00:03.088636
2791	3	3	1	0:00:03.070057
2792	3	3	1	0:00:03.020547
2793	3	3	1	0:00:03.079622
2794	3	3	1	0:00:03.057409
2795	3	3	1	0:00:03.034293
2796	3	3	1	0:00:03.054296
2797	3	3	1	0:00:03.017523
2798	3	3	1	0:00:03.046766
2799	3	3	1	0:00:03.040229
2800	3	3	1	0:00:03.013122
2801	3	3	1	0:00:03.045948
2802	3	3	1	0:00:03.035785
2803	3	3	1	0:00:03.011521
2804	3	3	1	0:00:03.043527
2805	3	3	1	0:00:03.040321
2806	3	3	1	0:00:03.005145
2807	3	3	1	0:00:03.041822
2808	3	3	1	0:00:03.036001
2809	3	3	1	0:00:03.013901
2810	3	3	1	0:00:03.043172
2811	3	3	1	0:00:03.038158
2812	3	3	1	0:00:03.009984
2813	3	3	1	0:00:03.034456
2814	3	3	1	0:00:03.042147
2815	3	3	1	0:00:03.013565
2816	3	3	1	0:00:03.032379
2817	3	3	1	0:00:03.085518
2818	3	3	1	0:00:03.045633
2819	3	3	1	0:00:03.061654
2820	3	3	1	0:00:03.014450
2821	3	3	1	0:00:03.043544
2822	3	3	1	0:00:03.044790
2823	5	5	1	0:00:03.034101
2824	5	5	1	0:00:03.067682
2825	5	5	1	0:00:03.089269
2826	5	5	1	0:00:03.044229
2827	5	5	1	0:00:03.111285
2828	5	5	1	0:00:03.070661
2829	5	5	1	0:00:03.081942
2830	5	5	1	0:00:03.081875
2831	5	5	1	0:00:03.072531
2832	5	5	1	0:00:03.042587
2833	5	5	1	0:00:03.039226
2834	5	5	1	0:00:03.013285
2835	5	5	1	0:00:03.039403
2836	5	5	1	0:00:03.049267
2837	5	5	1	0:00:03.004570
2838	5	5	1	0:00:03.040078
2839	5	5	1	0:00:03.038568
2840	5	5	1	0:00:03.013402
2841	5	5	1	0:00:03.072903
2842	5	5	1	0:00:03.063743
2843	5	5	1	0:00:03.022941
2844	5	5	1	0:00:03.065696
2845	5	5	1	0:00:03.073842
2846	5	5	1	0:00:03.066944
2847	5	5	1	0:00:03.036486
2848	5	5	1	0:00:03.021366
2849	5	5	1	0:00:03.053697
2850	5	5	1	0:00:03.046793
2851	5	5	1	0:00:03.006572
2852	5	5	1	0:00:03.049550
2853	5	5	1	0:00:03.084623
2854	5	5	1	0:00:03.036503
2855	5	5	1	0:00:03.038392
2856	5	5	1	0:00:03.012063
2857	5	5	1	0:00:03.051194
2858	5	5	1	0:00:03.043885
2859	0	0	1	0:00:03.000599
2860	0	0	1	0:00:03.065125
2861	0	0	1	0:00:03.073741
2862	0	0	1	0:00:03.100469
2863	0	0	1	0:00:03.046484
2864	0	0	1	0:00:03.038678
2865	0	0	1	0:00:03.097128
2866	0	0	1	0:00:03.112396
2867	0	0	1	0:00:02.970810
2868	0	0	1	0:00:03.040245
2869	0	0	1	0:00:03.059470
2870	0	0	1	0:00:03.081434
2871	0	0	1	0:00:03.049747
2872	0	0	1	0:00:03.072407
2873	0	0	1	0:00:03.028488
2874	0	0	1	0:00:03.064338
2875	0	0	1	0:00:03.035534
2876	0	0	1	0:00:03.094707
2877	0	0	1	0:00:03.059979
2878	0	0	1	0:00:03.043437
2879	0	0	1	0:00:03.033121
2880	0	0	1	0:00:03.088146
2881	0	0	1	0:00:03.091834
2882	0	0	1	0:00:03.073388
2883	0	0	1	0:00:03.042026
2884	0	0	1	0:00:03.073752
2885	0	0	1	0:00:03.056708
2886	0	0	1	0:00:03.081960
2887	0	0	1	0:00:03.050431
2888	0	1	0	0:00:03.058013
2889	2	0	0	0:00:03.048055
2890	2	0	0	0:00:03.043299
2891	2	2	1	0:00:03.044610
2892	2	0	0	0:00:03.044454
2893	2	0	0	0:00:03.040812
2894	2	0	0	0:00:03.044068
2895	2	0	0	0:00:03.038689
2896	2	1	0	0:00:03.084543
2897	2	1	0	0:00:03.052087
2898	2	0	0	0:00:03.049973
2899	2	2	1	0:00:03.033159
2900	2	0	0	0:00:03.052917
2901	2	2	1	0:00:03.020299
2902	2	2	1	0:00:03.033468
2903	2	0	0	0:00:03.033797
2904	2	0	0	0:00:03.045455
2905	2	0	0	0:00:03.036601
2906	2	0	0	0:00:03.052662
2907	2	0	0	0:00:03.047240
2908	1	1	1	0:00:03.037800
2909	1	0	0	0:00:03.068845
2910	1	1	1	0:00:03.061830
2911	1	1	1	0:00:03.043612
2912	1	0	0	0:00:03.053116
2913	1	0	0	0:00:03.032325
2914	1	0	0	0:00:03.024981
2915	1	0	0	0:00:03.053873
2916	1	0	0	0:00:03.062365
2917	1	0	0	0:00:03.032959
2918	1	1	1	0:00:03.045274
2919	1	1	1	0:00:03.044065
2920	1	1	1	0:00:03.053302
2921	1	1	1	0:00:03.038749
2922	1	0	0	0:00:03.046336
2923	1	1	1	0:00:03.040694
2924	1	0	0	0:00:03.057084
2925	1	0	0	0:00:03.032083
2926	1	1	1	0:00:03.046495
2927	1	0	0	0:00:03.040940
2928	2	0	0	0:00:03.049233
2929	2	0	0	0:00:03.033865
2930	2	2	1	0:00:03.063871
2931	2	2	1	0:00:03.043215
2932	2	0	0	0:00:03.048282
2933	2	0	0	0:00:03.062386
2934	2	0	0	0:00:03.050577
2935	2	0	0	0:00:03.037706
2936	2	0	0	0:00:03.058689
2937	1	1	1	0:00:03.030520
2938	1	1	1	0:00:03.064731
2939	1	1	1	0:00:03.037682
2940	1	1	1	0:00:03.046883
2941	1	0	0	0:00:03.041742
2942	1	0	0	0:00:03.065311
2943	1	0	0	0:00:03.079885
2944	1	0	0	0:00:03.082282
2945	1	0	0	0:00:03.037499
2946	1	0	0	0:00:03.058833
