idx	label	predict	correct	time
0	4	4	1	0:00:03.075066
1	4	4	1	0:00:01.735944
2	4	4	1	0:00:01.503071
3	4	4	1	0:00:01.482103
4	4	4	1	0:00:01.517335
5	4	4	1	0:00:01.544159
6	4	4	1	0:00:01.558852
7	4	4	1	0:00:01.441635
8	4	4	1	0:00:02.528377
9	4	4	1	0:00:02.944905
10	4	4	1	0:00:02.987861
11	4	4	1	0:00:03.017596
12	4	4	1	0:00:02.951094
13	4	4	1	0:00:02.963866
14	4	4	1	0:00:03.008616
15	4	3	0	0:00:02.973624
16	4	4	1	0:00:03.018968
17	4	4	1	0:00:03.035179
18	4	4	1	0:00:02.989371
19	4	4	1	0:00:03.023084
20	4	4	1	0:00:03.044075
21	4	4	1	0:00:03.047240
22	4	3	0	0:00:02.982548
23	4	3	0	0:00:03.053086
24	4	4	1	0:00:03.041327
25	4	4	1	0:00:03.014710
26	4	4	1	0:00:03.037937
27	4	4	1	0:00:03.030470
28	4	4	1	0:00:03.000015
29	4	4	1	0:00:03.069659
30	4	4	1	0:00:03.091269
31	3	3	1	0:00:03.006866
32	3	3	1	0:00:03.033631
33	3	3	1	0:00:03.032718
34	3	3	1	0:00:03.018544
35	3	3	1	0:00:02.977293
36	3	3	1	0:00:03.044378
37	3	3	1	0:00:03.051495
38	3	3	1	0:00:02.987113
39	3	3	1	0:00:03.027704
40	3	3	1	0:00:03.049781
41	3	3	1	0:00:02.996972
42	3	3	1	0:00:03.024777
43	3	3	1	0:00:03.034766
44	3	3	1	0:00:03.022899
45	3	3	1	0:00:03.038210
46	3	3	1	0:00:03.019545
47	3	3	1	0:00:03.037138
48	3	3	1	0:00:02.963208
49	3	3	1	0:00:03.030766
50	3	3	1	0:00:03.024229
51	3	3	1	0:00:02.977133
52	3	3	1	0:00:03.026500
53	3	3	1	0:00:03.064014
54	3	3	1	0:00:02.985989
55	5	5	1	0:00:03.022943
56	5	5	1	0:00:03.095089
57	5	5	1	0:00:02.960090
58	5	5	1	0:00:03.031155
59	5	5	1	0:00:03.015724
60	5	5	1	0:00:03.022893
61	5	5	1	0:00:03.067343
62	5	5	1	0:00:03.038389
63	5	5	1	0:00:02.985418
64	5	5	1	0:00:03.060296
65	5	5	1	0:00:03.030893
66	5	5	1	0:00:03.003373
67	5	5	1	0:00:03.038988
68	5	5	1	0:00:03.052026
69	5	5	1	0:00:03.006099
70	5	5	1	0:00:03.089744
71	5	5	1	0:00:03.029082
72	5	5	1	0:00:02.988287
73	5	5	1	0:00:03.030588
74	5	5	1	0:00:03.046950
75	5	5	1	0:00:02.980710
76	5	5	1	0:00:03.043581
77	5	5	1	0:00:03.044784
78	5	5	1	0:00:02.989907
79	0	5	0	0:00:02.998633
80	0	5	0	0:00:03.026944
81	0	5	0	0:00:02.990199
82	0	5	0	0:00:03.018988
83	0	5	0	0:00:03.032155
84	0	5	0	0:00:03.008615
85	0	-1	0	0:00:02.981571
86	0	5	0	0:00:03.045283
87	0	5	0	0:00:03.034667
88	0	5	0	0:00:02.980172
89	0	5	0	0:00:03.023833
90	0	5	0	0:00:03.027903
91	0	5	0	0:00:02.963926
92	0	5	0	0:00:03.014356
93	0	5	0	0:00:03.040027
94	0	5	0	0:00:02.975739
95	0	5	0	0:00:03.031694
96	0	5	0	0:00:03.024507
97	0	5	0	0:00:02.983908
98	0	5	0	0:00:03.020559
99	0	5	0	0:00:03.012562
100	0	5	0	0:00:02.987228
101	0	5	0	0:00:03.038458
102	0	5	0	0:00:03.035542
103	0	5	0	0:00:02.991660
104	0	5	0	0:00:03.018918
105	0	-1	0	0:00:03.031483
106	0	5	0	0:00:02.991384
107	0	5	0	0:00:03.014315
108	0	5	0	0:00:03.028577
109	2	5	0	0:00:02.982535
110	2	5	0	0:00:03.022990
111	2	5	0	0:00:03.026862
112	2	5	0	0:00:02.976971
113	2	5	0	0:00:03.041263
114	2	5	0	0:00:03.020257
115	2	5	0	0:00:02.989175
116	2	5	0	0:00:03.017089
117	2	5	0	0:00:03.057616
118	2	5	0	0:00:02.974319
119	2	5	0	0:00:03.035313
120	2	5	0	0:00:03.021736
121	2	5	0	0:00:02.984271
122	2	5	0	0:00:03.028050
123	2	5	0	0:00:02.995732
124	2	5	0	0:00:03.012920
125	2	5	0	0:00:02.976295
126	2	5	0	0:00:03.000853
127	2	5	0	0:00:03.023082
128	2	5	0	0:00:02.979152
129	2	5	0	0:00:03.026328
130	2	5	0	0:00:03.022029
131	2	5	0	0:00:02.978533
132	2	5	0	0:00:03.037447
133	1	5	0	0:00:03.045248
134	1	5	0	0:00:02.950819
135	1	5	0	0:00:03.067005
136	1	5	0	0:00:03.068019
137	1	5	0	0:00:02.959708
138	1	5	0	0:00:03.050633
139	1	5	0	0:00:02.989604
140	1	5	0	0:00:02.982500
141	1	5	0	0:00:03.026498
142	1	5	0	0:00:03.035638
143	1	5	0	0:00:02.991733
144	1	5	0	0:00:03.025070
145	1	5	0	0:00:03.022639
146	1	5	0	0:00:02.969124
147	1	5	0	0:00:03.025498
148	1	5	0	0:00:03.052683
149	1	5	0	0:00:02.981858
150	1	5	0	0:00:03.033147
151	1	5	0	0:00:03.008373
152	1	5	0	0:00:02.976295
153	1	5	0	0:00:03.004052
154	1	5	0	0:00:03.049030
155	1	5	0	0:00:03.007646
156	1	5	0	0:00:02.987983
157	1	5	0	0:00:03.003248
158	4	4	1	0:00:03.005389
159	4	4	1	0:00:02.973562
160	4	4	1	0:00:03.001989
161	4	4	1	0:00:03.000720
162	4	4	1	0:00:02.952631
163	4	4	1	0:00:03.009796
164	4	4	1	0:00:03.018423
165	4	4	1	0:00:02.996585
166	4	4	1	0:00:03.016775
167	4	4	1	0:00:03.022181
168	4	4	1	0:00:02.950048
169	4	4	1	0:00:02.994148
170	4	4	1	0:00:03.016900
171	4	4	1	0:00:03.021603
172	4	4	1	0:00:02.979516
173	4	4	1	0:00:03.045841
174	4	4	1	0:00:03.028862
175	4	4	1	0:00:02.995680
176	4	4	1	0:00:03.031242
177	4	4	1	0:00:03.026256
178	4	4	1	0:00:03.001994
179	4	4	1	0:00:03.017114
180	4	4	1	0:00:03.014431
181	3	3	1	0:00:03.006336
182	3	3	1	0:00:03.013566
183	3	3	1	0:00:03.026802
184	3	3	1	0:00:02.984957
185	3	3	1	0:00:03.036796
186	3	3	1	0:00:03.035097
187	3	3	1	0:00:02.966850
188	3	3	1	0:00:03.029661
189	3	3	1	0:00:03.036550
190	3	3	1	0:00:02.963487
191	3	3	1	0:00:02.980125
192	3	3	1	0:00:03.004818
193	3	3	1	0:00:03.021196
194	3	3	1	0:00:03.006976
195	3	3	1	0:00:03.008414
196	3	3	1	0:00:02.966573
197	3	3	1	0:00:03.032007
198	3	3	1	0:00:03.042701
199	3	3	1	0:00:02.965634
200	3	3	1	0:00:03.016600
201	3	3	1	0:00:03.019952
202	3	3	1	0:00:02.983093
203	5	5	1	0:00:02.977704
204	5	5	1	0:00:03.021961
205	5	5	1	0:00:03.031600
206	5	5	1	0:00:02.958380
207	5	5	1	0:00:03.004828
208	5	5	1	0:00:03.032051
209	5	5	1	0:00:03.030485
210	5	5	1	0:00:03.030446
211	5	5	1	0:00:02.992382
212	5	5	1	0:00:02.972696
213	5	5	1	0:00:03.018092
214	5	5	1	0:00:03.027313
215	5	5	1	0:00:02.978754
216	5	5	1	0:00:03.003764
217	5	5	1	0:00:03.002014
218	5	5	1	0:00:02.964223
219	5	5	1	0:00:03.033873
220	5	5	1	0:00:03.032583
221	5	5	1	0:00:02.972401
222	5	5	1	0:00:03.013909
223	5	5	1	0:00:02.991344
224	5	5	1	0:00:03.049941
225	5	5	1	0:00:03.054873
226	5	5	1	0:00:03.029613
227	0	5	0	0:00:03.043692
228	0	5	0	0:00:03.041887
229	0	5	0	0:00:03.044254
230	0	5	0	0:00:03.027672
231	0	5	0	0:00:03.051895
232	0	5	0	0:00:03.048875
233	0	5	0	0:00:03.041118
234	0	5	0	0:00:03.025790
235	0	5	0	0:00:03.040673
236	0	5	0	0:00:03.026144
237	0	5	0	0:00:03.042811
238	0	5	0	0:00:03.029682
239	0	5	0	0:00:03.050670
240	0	5	0	0:00:03.040150
241	0	5	0	0:00:03.046413
242	0	5	0	0:00:03.032717
243	0	5	0	0:00:03.052819
244	0	5	0	0:00:03.049872
245	0	5	0	0:00:03.037803
246	0	5	0	0:00:03.045464
247	0	5	0	0:00:03.035697
248	0	5	0	0:00:03.040967
249	0	5	0	0:00:03.046641
250	0	5	0	0:00:03.052246
251	0	5	0	0:00:03.028345
252	0	5	0	0:00:03.031933
253	0	5	0	0:00:03.042336
254	0	5	0	0:00:03.052764
255	0	5	0	0:00:03.050362
256	2	-1	0	0:00:03.033820
257	2	5	0	0:00:03.046096
258	2	5	0	0:00:03.042358
259	2	5	0	0:00:03.032260
260	2	5	0	0:00:03.037428
261	2	5	0	0:00:03.050239
262	2	5	0	0:00:03.048880
263	2	5	0	0:00:03.023142
264	2	5	0	0:00:03.075527
265	2	5	0	0:00:03.071263
266	2	5	0	0:00:03.059272
267	2	5	0	0:00:03.039647
268	2	5	0	0:00:03.040673
269	2	5	0	0:00:03.050540
270	2	5	0	0:00:03.047603
271	2	5	0	0:00:03.026441
272	2	5	0	0:00:03.031142
273	2	5	0	0:00:03.033486
274	2	5	0	0:00:03.035646
275	2	5	0	0:00:03.028975
276	2	5	0	0:00:03.049402
277	2	5	0	0:00:03.023477
278	2	5	0	0:00:03.042811
279	1	5	0	0:00:03.018139
280	1	5	0	0:00:03.021152
281	1	5	0	0:00:03.022375
282	1	5	0	0:00:03.036771
283	1	5	0	0:00:03.040329
284	1	5	0	0:00:03.020229
285	1	5	0	0:00:03.028318
286	1	5	0	0:00:03.038361
287	1	5	0	0:00:03.041586
288	1	5	0	0:00:03.072562
289	1	5	0	0:00:03.035429
290	1	5	0	0:00:03.046012
291	1	5	0	0:00:03.045795
292	1	5	0	0:00:03.034442
293	1	5	0	0:00:03.066783
294	1	5	0	0:00:03.048667
295	1	5	0	0:00:03.053989
296	1	5	0	0:00:03.040971
297	1	5	0	0:00:03.055911
298	1	5	0	0:00:03.040302
299	1	5	0	0:00:03.051883
300	1	5	0	0:00:03.038842
301	1	5	0	0:00:03.053056
302	4	3	0	0:00:03.042397
303	4	3	0	0:00:03.048951
304	4	3	0	0:00:01.811148
305	4	3	0	0:00:01.420980
306	4	3	0	0:00:01.414528
307	4	3	0	0:00:01.420969
308	4	3	0	0:00:01.410197
309	4	3	0	0:00:01.417495
310	4	3	0	0:00:01.418067
311	4	3	0	0:00:02.178653
312	4	3	0	0:00:02.964781
313	4	3	0	0:00:02.968640
314	4	3	0	0:00:02.932556
315	4	3	0	0:00:02.970862
316	4	3	0	0:00:02.990711
317	4	3	0	0:00:02.950252
318	4	3	0	0:00:02.999306
319	4	3	0	0:00:03.000701
320	4	3	0	0:00:02.962899
321	4	3	0	0:00:03.009978
322	4	3	0	0:00:03.020527
323	4	3	0	0:00:02.999255
324	4	3	0	0:00:03.002876
325	4	3	0	0:00:03.043978
326	4	3	0	0:00:03.028021
327	4	3	0	0:00:03.009600
328	4	3	0	0:00:03.038317
329	4	3	0	0:00:03.007155
330	3	3	1	0:00:02.975528
331	3	3	1	0:00:03.043628
332	3	3	1	0:00:03.036966
333	3	3	1	0:00:03.015836
334	3	3	1	0:00:03.033129
335	3	3	1	0:00:03.046789
336	3	3	1	0:00:03.022897
337	3	3	1	0:00:02.979357
338	3	3	1	0:00:03.027829
339	3	3	1	0:00:03.023602
340	3	3	1	0:00:02.976818
341	3	3	1	0:00:03.030966
342	3	3	1	0:00:03.042511
343	3	3	1	0:00:03.020051
344	3	3	1	0:00:03.045988
345	3	3	1	0:00:03.034291
346	3	3	1	0:00:02.993104
347	3	3	1	0:00:03.035222
348	3	3	1	0:00:03.060023
349	3	3	1	0:00:02.972238
350	3	3	1	0:00:03.028398
351	3	3	1	0:00:03.030603
352	3	3	1	0:00:03.005993
353	3	3	1	0:00:03.008403
354	5	5	1	0:00:03.023769
355	5	5	1	0:00:03.031068
356	5	5	1	0:00:02.987227
357	5	5	1	0:00:03.022907
358	5	5	1	0:00:03.032322
359	5	5	1	0:00:02.971790
360	5	5	1	0:00:03.002432
361	5	5	1	0:00:03.034505
362	5	5	1	0:00:02.973521
363	5	5	1	0:00:03.032938
364	5	5	1	0:00:03.019279
365	5	5	1	0:00:02.968465
366	5	5	1	0:00:03.040462
367	5	5	1	0:00:03.014172
368	5	5	1	0:00:03.005162
369	5	5	1	0:00:02.995868
370	5	5	1	0:00:03.018847
371	5	5	1	0:00:03.016842
372	5	5	1	0:00:02.981198
373	5	5	1	0:00:03.032267
374	5	5	1	0:00:03.015306
375	5	5	1	0:00:02.973822
376	5	5	1	0:00:03.032909
377	5	5	1	0:00:03.019276
378	5	5	1	0:00:02.983892
379	5	5	1	0:00:03.017093
380	5	5	1	0:00:03.017455
381	5	5	1	0:00:02.971457
382	5	5	1	0:00:03.017208
383	5	5	1	0:00:03.017129
384	0	-1	0	0:00:02.975041
385	0	5	0	0:00:03.019311
386	0	5	0	0:00:03.075322
387	0	5	0	0:00:03.000398
388	0	5	0	0:00:03.020695
389	0	5	0	0:00:03.021104
390	0	5	0	0:00:02.994205
391	0	5	0	0:00:03.024249
392	0	5	0	0:00:03.024220
393	0	5	0	0:00:02.994053
394	0	-1	0	0:00:03.006816
395	0	-1	0	0:00:03.020382
396	0	5	0	0:00:03.014335
397	0	5	0	0:00:02.980391
398	0	5	0	0:00:03.034099
399	0	5	0	0:00:03.015107
400	0	5	0	0:00:02.978022
401	0	5	0	0:00:03.013658
402	0	5	0	0:00:03.024072
403	0	-1	0	0:00:02.971724
404	0	5	0	0:00:03.009975
405	0	5	0	0:00:03.016903
406	0	5	0	0:00:02.974487
407	0	5	0	0:00:03.013383
408	0	5	0	0:00:03.011812
409	0	5	0	0:00:02.973948
410	0	-1	0	0:00:03.010173
411	0	5	0	0:00:03.014283
412	0	5	0	0:00:02.985347
413	0	-1	0	0:00:03.009495
414	0	5	0	0:00:03.006897
415	2	5	0	0:00:02.962379
416	2	5	0	0:00:03.035556
417	2	5	0	0:00:03.015268
418	2	5	0	0:00:02.981591
419	2	5	0	0:00:03.011163
420	2	5	0	0:00:03.019971
421	2	5	0	0:00:02.970120
422	2	5	0	0:00:03.012992
423	2	5	0	0:00:03.001565
424	2	5	0	0:00:02.976531
425	2	5	0	0:00:03.018799
426	2	5	0	0:00:03.021394
427	2	5	0	0:00:02.993903
428	2	5	0	0:00:02.956453
429	2	5	0	0:00:03.006686
430	2	5	0	0:00:03.011145
431	2	-1	0	0:00:02.972269
432	2	5	0	0:00:03.009762
433	2	5	0	0:00:03.009034
434	2	5	0	0:00:02.989599
435	2	5	0	0:00:03.021359
436	2	5	0	0:00:03.040077
437	2	5	0	0:00:02.966800
438	1	5	0	0:00:03.004735
439	1	5	0	0:00:03.010504
440	1	5	0	0:00:02.988664
441	1	5	0	0:00:03.011052
442	1	5	0	0:00:03.021720
443	1	5	0	0:00:02.971633
444	1	5	0	0:00:03.015505
445	1	5	0	0:00:03.020944
446	1	5	0	0:00:03.005461
447	1	5	0	0:00:03.017104
448	1	5	0	0:00:03.027441
449	1	5	0	0:00:02.991864
450	1	5	0	0:00:03.013966
451	1	5	0	0:00:02.995626
452	1	5	0	0:00:02.963223
453	1	5	0	0:00:03.004120
454	1	5	0	0:00:03.004787
455	1	5	0	0:00:02.965066
456	1	5	0	0:00:02.992167
457	1	5	0	0:00:03.019130
458	1	5	0	0:00:02.975983
459	1	5	0	0:00:03.008955
460	1	5	0	0:00:03.014873
461	1	5	0	0:00:02.990446
462	1	5	0	0:00:03.014018
463	1	5	0	0:00:03.015162
464	1	5	0	0:00:02.972428
465	1	5	0	0:00:03.010897
466	4	5	0	0:00:03.045064
467	4	3	0	0:00:03.049763
468	4	3	0	0:00:03.028702
469	4	3	0	0:00:03.011126
470	4	3	0	0:00:02.975459
471	4	3	0	0:00:03.012602
472	4	3	0	0:00:03.026494
473	4	3	0	0:00:02.977801
474	4	3	0	0:00:03.012679
475	4	3	0	0:00:03.014662
476	4	3	0	0:00:02.952824
477	4	3	0	0:00:03.009531
478	4	3	0	0:00:03.030992
479	4	3	0	0:00:02.984774
480	4	3	0	0:00:03.007413
481	4	3	0	0:00:03.008945
482	4	3	0	0:00:02.985310
483	4	3	0	0:00:03.003469
484	4	3	0	0:00:03.015166
485	4	3	0	0:00:03.009902
486	4	3	0	0:00:03.015115
487	4	3	0	0:00:03.028484
488	4	3	0	0:00:03.009105
489	4	3	0	0:00:03.036523
490	4	3	0	0:00:03.042371
491	4	3	0	0:00:03.017887
492	4	3	0	0:00:03.049013
493	4	3	0	0:00:03.053327
494	3	3	1	0:00:03.002299
495	3	3	1	0:00:03.143481
496	3	3	1	0:00:03.000274
497	3	3	1	0:00:02.968371
498	3	3	1	0:00:03.015138
499	3	3	1	0:00:03.005630
500	3	3	1	0:00:02.977114
501	3	3	1	0:00:03.010392
502	3	3	1	0:00:03.039197
503	3	3	1	0:00:02.997715
504	3	3	1	0:00:03.011672
505	3	3	1	0:00:03.059928
506	3	3	1	0:00:02.969836
507	3	3	1	0:00:03.016965
508	3	3	1	0:00:03.026895
509	3	3	1	0:00:02.965359
510	3	3	1	0:00:03.038023
511	3	3	1	0:00:03.051160
512	3	3	1	0:00:03.020601
513	3	3	1	0:00:03.025413
514	3	3	1	0:00:02.991488
515	3	3	1	0:00:03.049520
516	3	3	1	0:00:03.026305
517	3	3	1	0:00:02.971191
518	3	3	1	0:00:03.009003
519	3	3	1	0:00:02.997620
520	5	5	1	0:00:02.991433
521	5	5	1	0:00:03.060438
522	5	5	1	0:00:03.006280
523	5	5	1	0:00:02.984947
524	5	5	1	0:00:02.982359
525	5	5	1	0:00:03.010494
526	5	5	1	0:00:02.973644
527	5	5	1	0:00:03.074153
528	5	5	1	0:00:03.051208
529	5	5	1	0:00:03.103338
530	5	5	1	0:00:03.046479
531	5	5	1	0:00:03.060580
532	5	5	1	0:00:03.040985
533	5	5	1	0:00:03.054372
534	5	5	1	0:00:03.062829
535	5	5	1	0:00:03.051134
536	5	5	1	0:00:03.022804
537	5	5	1	0:00:03.040511
538	5	5	1	0:00:03.058693
539	5	5	1	0:00:03.052089
540	5	5	1	0:00:03.031589
541	5	5	1	0:00:03.044867
542	5	5	1	0:00:03.031024
543	5	5	1	0:00:03.039423
544	0	5	0	0:00:03.027293
545	0	-1	0	0:00:03.046795
546	0	-1	0	0:00:03.037744
547	0	-1	0	0:00:03.045125
548	0	-1	0	0:00:03.057556
549	0	5	0	0:00:03.046427
550	0	5	0	0:00:03.051674
551	0	5	0	0:00:03.042903
552	0	5	0	0:00:03.039394
553	0	5	0	0:00:03.072470
554	0	5	0	0:00:03.085268
555	0	5	0	0:00:03.068821
556	0	5	0	0:00:03.043518
557	0	5	0	0:00:03.049554
558	0	5	0	0:00:03.048272
559	0	5	0	0:00:03.049168
560	0	5	0	0:00:03.039599
561	0	5	0	0:00:03.078323
562	0	5	0	0:00:03.066810
563	0	5	0	0:00:03.055881
564	0	5	0	0:00:03.082858
565	0	5	0	0:00:03.091436
566	0	5	0	0:00:03.079016
567	0	5	0	0:00:03.074568
568	0	5	0	0:00:03.061778
569	0	5	0	0:00:03.049255
570	0	5	0	0:00:03.085910
571	0	5	0	0:00:03.055924
572	0	5	0	0:00:03.055182
573	2	5	0	0:00:03.086861
574	2	5	0	0:00:03.074895
575	2	5	0	0:00:03.086042
576	2	5	0	0:00:03.066828
577	2	5	0	0:00:03.055770
578	2	5	0	0:00:03.056587
579	2	5	0	0:00:03.040937
580	2	5	0	0:00:03.051795
581	2	5	0	0:00:03.035074
582	2	5	0	0:00:03.052405
583	2	5	0	0:00:03.039746
584	2	5	0	0:00:03.050571
585	2	5	0	0:00:03.040780
586	2	5	0	0:00:03.047751
587	2	5	0	0:00:03.046168
588	2	5	0	0:00:03.043305
589	2	5	0	0:00:03.039344
590	2	5	0	0:00:03.049412
591	2	5	0	0:00:03.048072
592	2	5	0	0:00:03.038868
593	2	5	0	0:00:03.042280
594	2	5	0	0:00:03.053303
595	1	5	0	0:00:03.051440
596	1	5	0	0:00:03.049462
597	1	5	0	0:00:03.041468
598	1	5	0	0:00:03.051255
599	1	5	0	0:00:03.050100
600	1	5	0	0:00:03.040149
601	1	5	0	0:00:03.042397
602	1	5	0	0:00:03.050348
603	1	5	0	0:00:03.052197
604	1	5	0	0:00:03.038199
605	1	5	0	0:00:03.044416
606	1	5	0	0:00:02.305243
607	1	5	0	0:00:01.423152
608	1	5	0	0:00:01.429641
609	1	5	0	0:00:01.434941
610	1	5	0	0:00:01.414575
611	1	5	0	0:00:01.415726
612	1	5	0	0:00:01.417902
613	1	5	0	0:00:01.697383
614	1	5	0	0:00:02.961725
615	1	5	0	0:00:02.916081
616	1	5	0	0:00:02.992017
617	1	5	0	0:00:02.972296
618	1	5	0	0:00:02.950103
619	4	3	0	0:00:03.043633
620	4	3	0	0:00:03.027099
621	4	3	0	0:00:03.010945
622	4	3	0	0:00:03.019219
623	4	3	0	0:00:03.037861
624	4	3	0	0:00:03.017879
625	4	3	0	0:00:03.067276
626	4	3	0	0:00:03.047258
627	4	3	0	0:00:03.049577
628	4	3	0	0:00:03.087475
629	4	3	0	0:00:03.057997
630	4	3	0	0:00:03.032643
631	4	3	0	0:00:03.048006
632	4	3	0	0:00:03.102633
633	4	3	0	0:00:03.012631
634	4	3	0	0:00:03.044650
635	4	3	0	0:00:03.046391
636	4	3	0	0:00:02.989753
637	4	3	0	0:00:03.044504
638	4	3	0	0:00:03.033462
639	4	3	0	0:00:02.971343
640	4	3	0	0:00:03.072956
641	3	3	1	0:00:03.082273
642	3	3	1	0:00:02.995882
643	3	3	1	0:00:03.025521
644	3	3	1	0:00:03.012461
645	3	3	1	0:00:03.027635
646	3	3	1	0:00:02.980413
647	3	3	1	0:00:03.046159
648	3	3	1	0:00:03.019619
649	3	3	1	0:00:02.951868
650	3	3	1	0:00:03.020468
651	3	3	1	0:00:03.007557
652	3	3	1	0:00:02.987982
653	3	3	1	0:00:02.981595
654	3	3	1	0:00:03.021861
655	3	3	1	0:00:03.014480
656	3	3	1	0:00:02.962825
657	3	3	1	0:00:03.024630
658	3	3	1	0:00:03.016938
659	3	3	1	0:00:02.969839
660	3	3	1	0:00:03.019068
661	3	3	1	0:00:03.021208
662	3	3	1	0:00:03.001015
663	3	3	1	0:00:03.018291
664	3	3	1	0:00:03.012322
665	3	3	1	0:00:03.007677
666	5	5	1	0:00:02.967104
667	5	5	1	0:00:03.014534
668	5	5	1	0:00:03.019553
669	5	5	1	0:00:02.970106
670	5	5	1	0:00:03.027134
671	5	5	1	0:00:03.033309
672	5	5	1	0:00:02.969166
673	5	5	1	0:00:03.011515
674	5	5	1	0:00:03.014226
675	5	5	1	0:00:02.982862
676	5	5	1	0:00:03.005262
677	5	5	1	0:00:03.011554
678	5	5	1	0:00:03.001624
679	5	5	1	0:00:02.982824
680	5	5	1	0:00:03.081883
681	5	5	1	0:00:03.015331
682	5	5	1	0:00:02.980332
683	5	5	1	0:00:03.013046
684	5	5	1	0:00:03.024208
685	5	5	1	0:00:02.996082
686	5	5	1	0:00:03.022996
687	5	5	1	0:00:03.017023
688	5	5	1	0:00:02.970568
689	5	5	1	0:00:03.025641
690	0	5	0	0:00:03.014890
691	0	5	0	0:00:02.985473
692	0	5	0	0:00:03.024238
693	0	5	0	0:00:03.146129
694	0	5	0	0:00:02.978821
695	0	5	0	0:00:03.050152
696	0	5	0	0:00:03.030175
697	0	5	0	0:00:02.982331
698	0	5	0	0:00:03.079942
699	0	-1	0	0:00:03.038133
700	0	-1	0	0:00:03.045882
701	0	5	0	0:00:03.047492
702	0	5	0	0:00:03.012419
703	0	5	0	0:00:02.982954
704	0	5	0	0:00:03.039829
705	0	5	0	0:00:03.050030
706	0	5	0	0:00:03.002434
707	0	5	0	0:00:03.008362
708	0	5	0	0:00:03.007467
709	0	5	0	0:00:03.069006
710	0	5	0	0:00:03.080622
711	0	5	0	0:00:03.023769
712	0	5	0	0:00:03.042652
713	0	5	0	0:00:03.089641
714	0	5	0	0:00:02.974841
715	0	5	0	0:00:03.006185
716	2	5	0	0:00:03.048104
717	2	5	0	0:00:03.002848
718	2	5	0	0:00:03.029486
719	2	5	0	0:00:03.029656
720	2	5	0	0:00:03.009150
721	2	5	0	0:00:03.062811
722	2	5	0	0:00:03.022577
723	1	5	0	0:00:03.014550
724	1	5	0	0:00:02.988645
725	1	5	0	0:00:03.038038
726	1	5	0	0:00:03.018752
727	1	5	0	0:00:03.023232
728	1	5	0	0:00:03.027430
729	1	5	0	0:00:03.052248
730	1	5	0	0:00:03.009616
731	1	5	0	0:00:03.069350
732	1	5	0	0:00:03.011227
733	2	5	0	0:00:03.086257
734	2	5	0	0:00:03.131533
735	2	5	0	0:00:03.049097
736	2	5	0	0:00:03.052839
737	2	5	0	0:00:03.042088
738	2	5	0	0:00:02.988466
739	1	5	0	0:00:03.085580
740	1	5	0	0:00:03.115819
741	1	5	0	0:00:03.060124
742	1	5	0	0:00:03.074672
743	1	5	0	0:00:02.983685
744	1	5	0	0:00:03.073673
745	1	5	0	0:00:03.029388
746	1	5	0	0:00:02.976142
747	2	5	0	0:00:03.056798
748	2	5	0	0:00:03.040576
749	2	5	0	0:00:02.982666
750	2	5	0	0:00:03.026164
751	2	5	0	0:00:03.033771
752	2	5	0	0:00:02.965700
753	2	5	0	0:00:03.040406
754	2	5	0	0:00:03.071555
755	1	5	0	0:00:02.977494
756	1	5	0	0:00:03.042331
757	1	5	0	0:00:03.017592
758	1	5	0	0:00:02.961839
759	1	5	0	0:00:03.006141
760	1	5	0	0:00:02.999124
761	1	5	0	0:00:03.034415
762	1	5	0	0:00:03.035630
763	4	3	0	0:00:03.032842
764	4	3	0	0:00:03.027094
765	4	3	0	0:00:03.047723
766	4	3	0	0:00:03.030074
767	4	3	0	0:00:03.018312
768	4	3	0	0:00:03.121160
769	4	3	0	0:00:02.981411
770	4	3	0	0:00:03.058884
771	4	3	0	0:00:03.021540
772	4	3	0	0:00:02.992949
773	4	3	0	0:00:03.019711
774	4	3	0	0:00:03.022377
775	4	3	0	0:00:02.970080
776	4	3	0	0:00:03.026584
777	4	3	0	0:00:03.013468
778	4	3	0	0:00:02.996387
779	4	3	0	0:00:03.009532
780	4	3	0	0:00:03.015284
781	4	3	0	0:00:02.996905
782	4	3	0	0:00:03.022104
783	4	3	0	0:00:03.046397
784	4	3	0	0:00:03.032718
785	4	3	0	0:00:03.039695
786	3	3	1	0:00:03.023008
787	3	3	1	0:00:02.960010
788	3	3	1	0:00:03.010108
789	3	3	1	0:00:03.011652
790	3	3	1	0:00:02.992887
791	3	3	1	0:00:02.997263
792	3	-1	0	0:00:03.009426
793	3	-1	0	0:00:03.029346
794	3	3	1	0:00:03.021407
795	3	3	1	0:00:03.010766
796	3	3	1	0:00:03.010810
797	3	3	1	0:00:03.068168
798	3	3	1	0:00:03.067740
799	3	3	1	0:00:03.048748
800	3	3	1	0:00:03.048833
801	3	3	1	0:00:03.032479
802	3	3	1	0:00:02.967386
803	3	3	1	0:00:03.034604
804	3	3	1	0:00:03.024192
805	3	3	1	0:00:02.990250
806	3	3	1	0:00:03.027308
807	3	3	1	0:00:03.014609
808	3	3	1	0:00:03.047542
809	3	3	1	0:00:03.093469
810	3	3	1	0:00:03.076817
811	5	5	1	0:00:03.062986
812	5	5	1	0:00:03.020770
813	5	5	1	0:00:03.024199
814	5	5	1	0:00:03.071460
815	5	5	1	0:00:03.014643
816	5	5	1	0:00:02.991239
817	5	5	1	0:00:03.046293
818	5	5	1	0:00:03.003226
819	5	5	1	0:00:02.995520
820	5	5	1	0:00:03.008929
821	5	5	1	0:00:03.066937
822	5	5	1	0:00:03.093708
823	5	5	1	0:00:03.096148
824	5	5	1	0:00:03.069056
825	5	5	1	0:00:03.097079
826	5	5	1	0:00:03.139470
827	5	5	1	0:00:03.006011
828	5	5	1	0:00:03.115172
829	5	5	1	0:00:03.060430
830	5	5	1	0:00:03.064531
831	5	5	1	0:00:03.095184
832	5	5	1	0:00:03.094253
833	5	5	1	0:00:03.139419
834	5	5	1	0:00:03.054747
835	5	5	1	0:00:03.077095
836	5	5	1	0:00:03.079858
837	0	5	0	0:00:03.086985
838	0	5	0	0:00:03.073105
839	0	5	0	0:00:03.228838
840	0	5	0	0:00:03.215456
841	0	5	0	0:00:03.073957
842	0	5	0	0:00:03.135003
843	0	5	0	0:00:03.111005
844	0	5	0	0:00:03.056795
845	0	5	0	0:00:03.078224
846	0	5	0	0:00:03.047144
847	0	5	0	0:00:03.109396
848	0	5	0	0:00:03.030580
849	0	5	0	0:00:03.052334
850	0	5	0	0:00:03.049451
851	0	5	0	0:00:03.079823
852	0	5	0	0:00:03.069674
853	0	5	0	0:00:03.072294
854	0	5	0	0:00:03.093421
855	0	5	0	0:00:03.164597
856	0	5	0	0:00:03.105556
857	0	5	0	0:00:03.074219
858	0	5	0	0:00:03.098186
859	0	5	0	0:00:03.066766
860	0	5	0	0:00:03.135843
861	0	5	0	0:00:03.086828
862	0	5	0	0:00:03.071775
863	2	5	0	0:00:03.083866
864	2	5	0	0:00:03.093551
865	2	5	0	0:00:03.106128
866	2	5	0	0:00:03.138092
867	2	5	0	0:00:03.073098
868	2	5	0	0:00:03.063307
869	2	5	0	0:00:03.072449
870	2	5	0	0:00:03.034186
871	2	5	0	0:00:03.083004
872	2	5	0	0:00:03.083453
873	2	5	0	0:00:03.078326
874	2	5	0	0:00:03.060223
875	2	5	0	0:00:03.051841
876	2	5	0	0:00:03.090250
877	1	5	0	0:00:03.097596
878	1	5	0	0:00:03.072994
879	1	5	0	0:00:03.061011
880	1	5	0	0:00:03.041094
881	1	5	0	0:00:03.049636
882	1	5	0	0:00:03.045237
883	1	5	0	0:00:03.085470
884	1	5	0	0:00:03.060797
885	1	5	0	0:00:03.066362
886	1	5	0	0:00:03.040738
887	1	5	0	0:00:03.052918
888	1	5	0	0:00:03.049233
889	1	5	0	0:00:03.071841
890	1	5	0	0:00:03.088003
891	1	5	0	0:00:03.068982
892	1	5	0	0:00:03.036416
893	1	5	0	0:00:03.074950
894	1	5	0	0:00:03.033561
895	1	5	0	0:00:03.051490
896	1	5	0	0:00:03.038962
897	1	5	0	0:00:03.047621
898	1	5	0	0:00:03.040813
899	1	5	0	0:00:03.053987
900	2	5	0	0:00:03.043157
901	2	5	0	0:00:03.052835
902	2	5	0	0:00:03.040056
903	2	5	0	0:00:03.042069
904	2	5	0	0:00:03.040558
905	2	5	0	0:00:03.052049
906	2	5	0	0:00:03.039610
907	4	4	1	0:00:01.477650
908	4	-1	0	0:00:01.433822
909	4	-1	0	0:00:01.412364
910	4	-1	0	0:00:01.412664
911	4	4	1	0:00:01.409579
912	4	4	1	0:00:01.412677
913	4	4	1	0:00:01.406891
914	4	3	0	0:00:02.250109
915	4	-1	0	0:00:02.971308
916	4	-1	0	0:00:02.957398
917	4	4	1	0:00:02.929138
918	4	-1	0	0:00:02.977898
919	4	4	1	0:00:02.967782
920	4	-1	0	0:00:02.977345
921	4	4	1	0:00:03.002441
922	4	-1	0	0:00:03.004606
923	4	4	1	0:00:02.944498
924	4	-1	0	0:00:03.017355
925	4	-1	0	0:00:03.021694
926	4	4	1	0:00:02.981246
927	4	4	1	0:00:03.024977
928	4	-1	0	0:00:03.016164
929	4	4	1	0:00:03.016894
930	3	3	1	0:00:02.982016
931	3	3	1	0:00:03.028565
932	3	3	1	0:00:03.011224
933	3	3	1	0:00:02.969458
934	3	3	1	0:00:03.026516
935	3	3	1	0:00:03.022316
936	3	3	1	0:00:03.013636
937	3	3	1	0:00:02.973799
938	3	3	1	0:00:03.023419
939	3	3	1	0:00:03.028399
940	3	3	1	0:00:02.976324
941	3	3	1	0:00:03.022053
942	3	3	1	0:00:03.046068
943	3	3	1	0:00:02.992643
944	3	3	1	0:00:03.055352
945	3	3	1	0:00:03.038514
946	3	3	1	0:00:02.990503
947	3	3	1	0:00:03.019876
948	3	3	1	0:00:03.026227
949	3	3	1	0:00:03.023180
950	3	3	1	0:00:02.987007
951	3	3	1	0:00:03.044854
952	3	3	1	0:00:03.014621
953	3	3	1	0:00:02.968583
954	5	5	1	0:00:03.018918
955	5	5	1	0:00:03.024762
956	5	5	1	0:00:02.974867
957	5	5	1	0:00:03.009217
958	5	5	1	0:00:03.019769
959	5	5	1	0:00:03.020833
960	5	5	1	0:00:03.018822
961	5	5	1	0:00:03.019355
962	5	5	1	0:00:03.005825
963	5	5	1	0:00:02.987817
964	5	5	1	0:00:03.020803
965	5	5	1	0:00:03.023535
966	5	5	1	0:00:02.970074
967	5	5	1	0:00:03.026262
968	5	5	1	0:00:03.032746
969	5	5	1	0:00:02.990303
970	5	5	1	0:00:02.998784
971	5	5	1	0:00:03.016699
972	5	5	1	0:00:02.973161
973	5	5	1	0:00:03.052926
974	5	5	1	0:00:03.038205
975	5	5	1	0:00:02.966475
976	5	5	1	0:00:03.020840
977	5	5	1	0:00:03.016763
978	5	5	1	0:00:03.041881
979	5	5	1	0:00:03.032561
980	5	5	1	0:00:03.027776
981	5	5	1	0:00:02.973249
982	5	5	1	0:00:03.020024
983	5	5	1	0:00:03.012686
984	5	5	1	0:00:02.979762
985	0	5	0	0:00:03.011922
986	0	5	0	0:00:03.008810
987	0	5	0	0:00:02.971347
988	0	5	0	0:00:03.069074
989	0	5	0	0:00:03.050048
990	0	5	0	0:00:02.986596
991	0	5	0	0:00:03.012615
992	0	5	0	0:00:03.019588
993	0	5	0	0:00:02.979179
994	0	5	0	0:00:03.076796
995	0	5	0	0:00:03.032623
996	0	5	0	0:00:03.032386
997	0	5	0	0:00:03.029813
998	0	5	0	0:00:03.006282
999	0	5	0	0:00:02.976067
1000	0	5	0	0:00:03.016881
1001	0	5	0	0:00:03.018695
1002	0	5	0	0:00:02.955887
1003	0	5	0	0:00:03.044069
1004	0	5	0	0:00:03.008327
1005	0	5	0	0:00:02.962681
1006	0	5	0	0:00:03.006855
1007	0	5	0	0:00:03.009023
1008	0	5	0	0:00:02.955173
1009	0	5	0	0:00:03.004776
1010	0	5	0	0:00:03.006793
1011	0	5	0	0:00:02.999557
1012	2	5	0	0:00:02.966021
1013	2	5	0	0:00:03.021783
1014	2	5	0	0:00:03.012117
1015	2	5	0	0:00:02.974824
1016	2	5	0	0:00:03.009159
1017	2	5	0	0:00:03.021597
1018	2	5	0	0:00:03.064494
1019	2	5	0	0:00:03.040196
1020	2	5	0	0:00:02.993239
1021	2	5	0	0:00:03.002655
1022	2	5	0	0:00:03.007045
1023	2	5	0	0:00:02.998242
1024	2	5	0	0:00:02.970764
1025	2	5	0	0:00:03.009368
1026	2	5	0	0:00:03.014757
1027	2	5	0	0:00:02.960273
1028	2	5	0	0:00:03.011397
1029	2	5	0	0:00:03.006193
1030	2	5	0	0:00:02.956187
1031	1	5	0	0:00:03.013519
1032	1	5	0	0:00:03.006055
1033	1	5	0	0:00:02.964818
1034	1	5	0	0:00:03.011494
1035	1	5	0	0:00:02.996982
1036	1	5	0	0:00:02.964244
1037	1	5	0	0:00:03.070399
1038	1	5	0	0:00:03.078013
1039	1	5	0	0:00:02.973997
1040	1	5	0	0:00:03.024682
1041	1	5	0	0:00:03.008566
1042	1	5	0	0:00:03.004452
1043	1	5	0	0:00:03.047600
1044	1	5	0	0:00:03.026178
1045	1	5	0	0:00:03.000762
1046	1	5	0	0:00:03.005697
1047	1	5	0	0:00:03.004201
1048	1	5	0	0:00:02.989797
1049	1	5	0	0:00:03.021153
1050	1	5	0	0:00:02.997667
1051	1	5	0	0:00:03.015148
1052	1	5	0	0:00:03.010856
1053	1	5	0	0:00:02.992370
1054	4	3	0	0:00:02.979866
1055	4	3	0	0:00:03.013199
1056	4	3	0	0:00:03.001640
1057	4	3	0	0:00:02.975753
1058	4	3	0	0:00:03.006049
1059	4	3	0	0:00:02.997343
1060	4	3	0	0:00:02.957759
1061	4	3	0	0:00:03.008065
1062	4	3	0	0:00:03.016887
1063	4	3	0	0:00:02.978844
1064	4	3	0	0:00:03.039191
1065	4	3	0	0:00:03.020097
1066	4	3	0	0:00:02.957242
1067	4	3	0	0:00:03.020934
1068	4	3	0	0:00:03.015552
1069	4	3	0	0:00:02.962028
1070	4	3	0	0:00:03.004764
1071	4	3	0	0:00:03.008896
1072	4	3	0	0:00:02.985339
1073	4	3	0	0:00:03.038077
1074	4	3	0	0:00:03.018826
1075	3	3	1	0:00:02.988323
1076	3	3	1	0:00:03.054052
1077	3	3	1	0:00:03.091026
1078	3	3	1	0:00:03.012629
1079	3	3	1	0:00:03.043924
1080	3	3	1	0:00:03.096716
1081	3	3	1	0:00:03.040883
1082	3	3	1	0:00:03.015495
1083	3	3	1	0:00:02.950814
1084	3	3	1	0:00:03.006249
1085	3	3	1	0:00:03.052054
1086	3	3	1	0:00:02.988764
1087	3	3	1	0:00:03.021727
1088	3	3	1	0:00:03.132577
1089	3	3	1	0:00:02.999453
1090	3	3	1	0:00:03.019216
1091	3	3	1	0:00:03.050327
1092	3	3	1	0:00:03.101219
1093	3	3	1	0:00:03.130125
1094	3	3	1	0:00:02.992097
1095	3	3	1	0:00:03.002202
1096	3	3	1	0:00:03.005847
1097	3	3	1	0:00:02.953180
1098	3	3	1	0:00:03.041336
1099	3	3	1	0:00:03.037139
1100	3	3	1	0:00:02.966299
1101	3	3	1	0:00:03.003798
1102	3	3	1	0:00:03.055495
1103	3	3	1	0:00:02.984095
1104	3	3	1	0:00:03.023447
1105	5	5	1	0:00:03.090058
1106	5	5	1	0:00:03.019650
1107	5	5	1	0:00:03.220335
1108	5	5	1	0:00:03.013616
1109	5	5	1	0:00:03.021206
1110	5	5	1	0:00:03.009917
1111	5	5	1	0:00:02.960175
1112	5	5	1	0:00:03.013162
1113	5	5	1	0:00:03.007616
1114	5	5	1	0:00:02.961710
1115	5	5	1	0:00:03.006261
1116	5	5	1	0:00:03.004120
1117	5	5	1	0:00:02.997890
1118	5	5	1	0:00:03.028909
1119	5	5	1	0:00:03.010058
1120	5	5	1	0:00:02.961030
1121	5	5	1	0:00:02.995029
1122	5	5	1	0:00:03.003493
1123	5	5	1	0:00:02.950354
1124	5	5	1	0:00:03.003891
1125	5	5	1	0:00:03.011384
1126	5	5	1	0:00:02.967003
1127	5	5	1	0:00:02.988177
1128	5	5	1	0:00:03.009866
1129	5	5	1	0:00:02.974253
1130	5	5	1	0:00:03.058115
1131	5	5	1	0:00:03.042860
1132	0	5	0	0:00:03.047352
1133	0	5	0	0:00:03.030604
1134	0	5	0	0:00:03.044264
1135	0	5	0	0:00:03.032234
1136	0	5	0	0:00:03.040473
1137	0	5	0	0:00:03.026809
1138	0	5	0	0:00:03.043203
1139	0	5	0	0:00:03.037173
1140	0	5	0	0:00:03.042679
1141	0	5	0	0:00:03.046233
1142	0	5	0	0:00:03.084395
1143	0	5	0	0:00:03.033114
1144	0	5	0	0:00:03.041039
1145	0	5	0	0:00:03.043725
1146	0	5	0	0:00:03.094930
1147	0	5	0	0:00:03.042891
1148	0	5	0	0:00:03.052831
1149	0	5	0	0:00:03.048871
1150	0	5	0	0:00:03.057179
1151	0	5	0	0:00:03.055201
1152	0	5	0	0:00:03.045185
1153	0	5	0	0:00:03.044719
1154	0	5	0	0:00:03.054835
1155	0	5	0	0:00:03.068181
1156	0	5	0	0:00:03.108918
1157	0	5	0	0:00:03.059754
1158	2	5	0	0:00:03.050213
1159	2	5	0	0:00:03.053800
1160	2	5	0	0:00:03.054553
1161	2	5	0	0:00:03.042582
1162	2	5	0	0:00:03.044762
1163	2	5	0	0:00:03.055335
1164	2	5	0	0:00:03.050527
1165	2	5	0	0:00:03.038065
1166	2	5	0	0:00:03.042152
1167	2	5	0	0:00:03.046335
1168	2	5	0	0:00:03.062064
1169	2	5	0	0:00:03.003829
1170	2	5	0	0:00:03.056389
1171	2	5	0	0:00:03.051190
1172	2	5	0	0:00:03.066646
1173	2	5	0	0:00:03.044824
1174	2	5	0	0:00:03.052433
1175	2	5	0	0:00:03.034988
1176	2	5	0	0:00:03.061065
1177	1	5	0	0:00:03.036121
1178	1	5	0	0:00:03.049472
1179	1	-1	0	0:00:03.108281
1180	1	-1	0	0:00:03.056800
1181	1	5	0	0:00:03.061684
1182	1	5	0	0:00:03.107445
1183	1	5	0	0:00:03.226310
1184	1	5	0	0:00:03.054755
1185	1	5	0	0:00:03.053578
1186	1	5	0	0:00:03.049003
1187	1	5	0	0:00:03.087910
1188	1	-1	0	0:00:03.068653
1189	1	5	0	0:00:03.066098
1190	1	5	0	0:00:03.067058
1191	1	5	0	0:00:03.062738
1192	1	5	0	0:00:03.073949
1193	1	5	0	0:00:03.071424
1194	1	5	0	0:00:03.038932
1195	1	5	0	0:00:03.049010
1196	1	5	0	0:00:03.110127
1197	1	5	0	0:00:03.098178
1198	1	5	0	0:00:03.050582
1199	1	5	0	0:00:03.059134
1200	1	5	0	0:00:03.038466
1201	4	-1	0	0:00:03.071433
1202	4	3	0	0:00:03.063707
1203	4	3	0	0:00:03.063153
1204	4	3	0	0:00:03.056325
1205	4	3	0	0:00:03.038608
1206	4	3	0	0:00:03.036482
1207	4	3	0	0:00:03.089967
1208	4	3	0	0:00:03.059964
1209	4	3	0	0:00:01.541153
1210	4	3	0	0:00:01.562466
1211	4	3	0	0:00:01.535847
1212	4	-1	0	0:00:01.532577
1213	4	-1	0	0:00:01.519959
1214	4	-1	0	0:00:01.541050
1215	4	-1	0	0:00:01.491768
1216	4	-1	0	0:00:02.714389
1217	4	-1	0	0:00:02.981542
1218	4	-1	0	0:00:03.022766
1219	4	3	0	0:00:02.984185
1220	4	-1	0	0:00:02.989566
1221	4	3	0	0:00:03.067133
1222	4	3	0	0:00:03.000117
1223	4	3	0	0:00:03.185735
1224	4	4	1	0:00:03.011284
1225	4	3	0	0:00:03.038091
1226	4	3	0	0:00:03.119703
1227	4	3	0	0:00:03.018019
1228	3	3	1	0:00:03.066929
1229	3	3	1	0:00:03.035307
1230	3	3	1	0:00:03.136285
1231	3	3	1	0:00:03.128162
1232	3	3	1	0:00:03.054334
1233	3	3	1	0:00:03.047774
1234	3	3	1	0:00:03.060601
1235	3	3	1	0:00:03.053787
1236	3	3	1	0:00:03.019548
1237	3	3	1	0:00:03.028301
1238	3	3	1	0:00:03.056365
1239	3	3	1	0:00:03.004722
1240	3	3	1	0:00:03.088110
1241	3	3	1	0:00:03.040871
1242	3	3	1	0:00:03.009273
1243	3	3	1	0:00:03.043696
1244	3	3	1	0:00:03.042819
1245	3	3	1	0:00:03.053027
1246	3	3	1	0:00:03.050379
1247	3	3	1	0:00:03.040590
1248	3	3	1	0:00:03.037068
1249	3	3	1	0:00:02.989255
1250	3	3	1	0:00:03.029767
1251	3	3	1	0:00:03.032392
1252	3	3	1	0:00:02.996912
1253	3	3	1	0:00:03.059092
1254	3	3	1	0:00:03.052804
1255	3	3	1	0:00:03.239702
1256	5	5	1	0:00:03.052709
1257	5	5	1	0:00:03.003895
1258	5	5	1	0:00:03.001052
1259	5	5	1	0:00:03.030741
1260	5	5	1	0:00:03.024772
1261	5	5	1	0:00:02.981961
1262	5	5	1	0:00:03.107291
1263	5	5	1	0:00:03.021986
1264	5	5	1	0:00:03.044639
1265	5	5	1	0:00:03.035191
1266	5	5	1	0:00:03.066196
1267	5	5	1	0:00:02.980906
1268	5	5	1	0:00:03.052140
1269	5	5	1	0:00:03.078835
1270	5	5	1	0:00:03.092526
1271	5	5	1	0:00:03.049076
1272	5	5	1	0:00:02.993740
1273	5	5	1	0:00:03.038033
1274	5	5	1	0:00:03.063316
1275	5	5	1	0:00:02.989477
1276	5	5	1	0:00:03.065343
1277	5	5	1	0:00:03.061818
1278	5	5	1	0:00:02.999934
1279	5	5	1	0:00:03.025704
1280	5	5	1	0:00:03.092224
1281	5	5	1	0:00:02.985673
1282	5	5	1	0:00:03.105433
1283	0	5	0	0:00:03.095861
1284	0	5	0	0:00:03.083144
1285	0	5	0	0:00:03.092820
1286	0	5	0	0:00:03.044770
1287	0	5	0	0:00:03.042156
1288	0	5	0	0:00:03.134527
1289	0	5	0	0:00:02.998741
1290	0	5	0	0:00:03.054294
1291	0	5	0	0:00:03.039541
1292	0	5	0	0:00:03.009083
1293	0	5	0	0:00:03.041950
1294	0	5	0	0:00:03.033666
1295	0	5	0	0:00:02.983616
1296	0	5	0	0:00:03.079982
1297	0	5	0	0:00:03.042867
1298	0	5	0	0:00:03.019380
1299	0	5	0	0:00:03.053387
1300	0	5	0	0:00:03.097579
1301	0	5	0	0:00:03.060881
1302	0	5	0	0:00:03.042791
1303	0	5	0	0:00:03.038350
1304	0	5	0	0:00:03.044717
1305	0	5	0	0:00:03.031114
1306	0	5	0	0:00:03.002215
1307	0	5	0	0:00:03.103826
1308	0	5	0	0:00:03.026139
1309	0	5	0	0:00:02.997150
1310	2	5	0	0:00:03.049688
1311	2	5	0	0:00:03.082564
1312	2	5	0	0:00:02.999902
1313	2	5	0	0:00:03.089183
1314	2	5	0	0:00:03.051708
1315	2	5	0	0:00:03.045936
1316	2	5	0	0:00:03.063668
1317	2	5	0	0:00:03.058778
1318	2	5	0	0:00:03.053049
1319	2	5	0	0:00:03.079677
1320	2	5	0	0:00:03.021008
1321	2	5	0	0:00:03.214581
1322	2	5	0	0:00:02.991645
1323	2	5	0	0:00:03.082267
1324	2	5	0	0:00:03.160393
1325	2	5	0	0:00:03.052835
1326	2	5	0	0:00:03.047726
1327	2	1	0	0:00:03.185074
1328	2	5	0	0:00:03.051901
1329	2	5	0	0:00:03.044344
1330	2	5	0	0:00:03.154407
1331	2	5	0	0:00:03.069857
1332	2	5	0	0:00:02.996333
1333	2	5	0	0:00:03.126844
1334	2	5	0	0:00:03.149015
1335	1	5	0	0:00:03.074469
1336	1	5	0	0:00:03.104640
1337	1	5	0	0:00:03.125645
1338	1	5	0	0:00:03.077606
1339	1	5	0	0:00:03.008678
1340	1	5	0	0:00:03.051890
1341	1	5	0	0:00:03.008929
1342	1	5	0	0:00:02.981971
1343	1	5	0	0:00:03.046283
1344	1	5	0	0:00:03.193382
1345	1	5	0	0:00:03.004959
1346	1	5	0	0:00:03.120297
1347	1	5	0	0:00:03.036801
1348	1	5	0	0:00:03.134229
1349	1	5	0	0:00:03.044214
1350	1	5	0	0:00:03.033610
1351	1	5	0	0:00:03.038811
1352	1	5	0	0:00:03.055501
1353	1	5	0	0:00:03.045927
1354	1	5	0	0:00:03.062229
1355	1	5	0	0:00:03.094764
1356	1	5	0	0:00:03.062669
1357	1	5	0	0:00:03.123191
1358	1	5	0	0:00:03.034601
1359	1	5	0	0:00:03.057438
1360	1	5	0	0:00:03.149746
1361	1	5	0	0:00:03.151392
1362	4	5	0	0:00:03.134512
1363	4	5	0	0:00:03.057600
1364	4	4	1	0:00:03.072108
1365	4	4	1	0:00:02.965753
1366	4	4	1	0:00:03.042127
1367	4	4	1	0:00:03.078966
1368	4	4	1	0:00:03.060336
1369	4	4	1	0:00:03.104194
1370	4	4	1	0:00:03.000031
1371	4	4	1	0:00:03.057256
1372	4	4	1	0:00:03.029582
1373	4	4	1	0:00:02.972177
1374	4	4	1	0:00:03.042565
1375	4	4	1	0:00:03.034991
1376	4	4	1	0:00:02.967821
1377	4	3	0	0:00:03.050339
1378	4	3	0	0:00:03.093521
1379	4	4	1	0:00:02.994272
1380	4	4	1	0:00:03.049272
1381	4	-1	0	0:00:03.077922
1382	4	4	1	0:00:02.995334
1383	4	4	1	0:00:03.027339
1384	4	4	1	0:00:03.029505
1385	4	4	1	0:00:03.026461
1386	4	4	1	0:00:03.061242
1387	4	4	1	0:00:03.031895
1388	4	4	1	0:00:03.034297
1389	4	3	0	0:00:03.071852
1390	4	3	0	0:00:02.973900
1391	4	3	0	0:00:03.102180
1392	4	3	0	0:00:03.089352
1393	4	4	1	0:00:03.053109
1394	4	3	0	0:00:03.051610
1395	4	3	0	0:00:03.030235
1396	3	3	1	0:00:03.045422
1397	3	3	1	0:00:03.052854
1398	3	3	1	0:00:02.972664
1399	3	3	1	0:00:03.093638
1400	3	3	1	0:00:03.009755
1401	3	3	1	0:00:02.993629
1402	3	3	1	0:00:03.031928
1403	3	3	1	0:00:03.013743
1404	3	3	1	0:00:02.964165
1405	3	3	1	0:00:03.019816
1406	3	3	1	0:00:03.001032
1407	3	3	1	0:00:02.961514
1408	3	3	1	0:00:03.062811
1409	3	3	1	0:00:03.009657
1410	3	3	1	0:00:02.987743
1411	3	3	1	0:00:03.176721
1412	3	3	1	0:00:02.972961
1413	3	3	1	0:00:03.106944
1414	3	3	1	0:00:03.063878
1415	3	3	1	0:00:03.049057
1416	3	3	1	0:00:03.047064
1417	3	3	1	0:00:03.017044
1418	3	3	1	0:00:03.040869
1419	5	5	1	0:00:03.036758
1420	5	5	1	0:00:03.017208
1421	5	5	1	0:00:03.053037
1422	5	5	1	0:00:03.028895
1423	5	5	1	0:00:03.063450
1424	5	5	1	0:00:03.048311
1425	5	5	1	0:00:03.096954
1426	5	5	1	0:00:03.162995
1427	5	5	1	0:00:02.994392
1428	5	5	1	0:00:03.071210
1429	5	5	1	0:00:03.061658
1430	5	5	1	0:00:03.036848
1431	5	5	1	0:00:03.048310
1432	5	5	1	0:00:03.044330
1433	5	5	1	0:00:03.063638
1434	5	5	1	0:00:03.083015
1435	5	5	1	0:00:03.050970
1436	5	5	1	0:00:03.051904
1437	5	5	1	0:00:03.049601
1438	5	5	1	0:00:03.047894
1439	5	5	1	0:00:03.057262
1440	5	5	1	0:00:03.126682
1441	5	5	1	0:00:03.078967
1442	5	5	1	0:00:03.075603
1443	5	5	1	0:00:03.051796
1444	5	5	1	0:00:03.056332
1445	5	5	1	0:00:03.078084
1446	5	5	1	0:00:03.065067
1447	5	5	1	0:00:03.043777
1448	5	5	1	0:00:03.047639
1449	5	5	1	0:00:03.039528
1450	5	5	1	0:00:03.054357
1451	5	5	1	0:00:03.043154
1452	0	5	0	0:00:03.048585
1453	0	5	0	0:00:03.036606
1454	0	5	0	0:00:03.066689
1455	0	5	0	0:00:03.083668
1456	0	5	0	0:00:03.108691
1457	0	5	0	0:00:03.050990
1458	0	5	0	0:00:03.103438
1459	0	5	0	0:00:03.111000
1460	0	-1	0	0:00:03.066564
1461	0	5	0	0:00:03.101008
1462	0	5	0	0:00:03.054145
1463	0	5	0	0:00:03.144159
1464	0	5	0	0:00:03.063230
1465	0	5	0	0:00:03.087032
1466	0	5	0	0:00:03.058668
1467	0	5	0	0:00:03.127407
1468	0	5	0	0:00:03.126654
1469	0	5	0	0:00:03.068807
1470	0	5	0	0:00:03.139798
1471	0	5	0	0:00:03.046451
1472	0	5	0	0:00:03.043333
1473	0	5	0	0:00:03.166332
1474	0	-1	0	0:00:03.132512
1475	2	5	0	0:00:03.066723
1476	2	5	0	0:00:03.063482
1477	2	5	0	0:00:03.121309
1478	2	5	0	0:00:03.193705
1479	2	5	0	0:00:03.098462
1480	2	5	0	0:00:03.094053
1481	2	5	0	0:00:03.194991
1482	2	5	0	0:00:03.091577
1483	2	5	0	0:00:03.088625
1484	2	5	0	0:00:03.052966
1485	2	5	0	0:00:03.093623
1486	2	5	0	0:00:03.091561
1487	2	5	0	0:00:03.099576
1488	2	5	0	0:00:03.083571
1489	2	5	0	0:00:03.121150
1490	2	5	0	0:00:03.050642
1491	2	5	0	0:00:03.045677
1492	2	5	0	0:00:03.053492
1493	2	5	0	0:00:03.114152
1494	2	5	0	0:00:03.126750
1495	2	5	0	0:00:03.123564
1496	1	5	0	0:00:03.099643
1497	1	5	0	0:00:03.091432
1498	1	5	0	0:00:03.058393
1499	1	5	0	0:00:03.051624
1500	1	5	0	0:00:03.084127
1501	1	5	0	0:00:03.080715
1502	1	5	0	0:00:03.083928
1503	1	5	0	0:00:03.119894
1504	1	5	0	0:00:03.150440
1505	1	5	0	0:00:03.072721
1506	1	5	0	0:00:02.699387
1507	1	5	0	0:00:01.526114
1508	1	5	0	0:00:01.511827
1509	1	5	0	0:00:01.522238
1510	1	5	0	0:00:01.576865
1511	1	5	0	0:00:01.553940
1512	1	5	0	0:00:01.503635
1513	1	5	0	0:00:02.006680
1514	1	5	0	0:00:02.956109
1515	1	5	0	0:00:03.006989
1516	1	5	0	0:00:03.092169
1517	1	5	0	0:00:02.997398
1518	1	5	0	0:00:03.044969
1519	1	5	0	0:00:02.976376
1520	1	1	1	0:00:03.014911
1521	4	-1	0	0:00:03.087752
1522	4	-1	0	0:00:03.064308
1523	4	-1	0	0:00:03.079847
1524	4	-1	0	0:00:03.163288
1525	4	-1	0	0:00:03.034607
1526	4	-1	0	0:00:03.168320
1527	4	-1	0	0:00:03.010427
1528	4	-1	0	0:00:03.086378
1529	4	3	0	0:00:03.077181
1530	4	-1	0	0:00:03.046591
1531	4	-1	0	0:00:03.124904
1532	4	4	1	0:00:03.035451
1533	4	4	1	0:00:03.003296
1534	4	-1	0	0:00:03.033800
1535	4	3	0	0:00:03.016806
1536	4	-1	0	0:00:03.040256
1537	4	4	1	0:00:03.008414
1538	4	-1	0	0:00:03.044191
1539	4	-1	0	0:00:03.066244
1540	4	4	1	0:00:02.995836
1541	4	-1	0	0:00:03.068454
1542	4	-1	0	0:00:03.049016
1543	4	-1	0	0:00:03.058641
1544	4	-1	0	0:00:03.053906
1545	4	-1	0	0:00:03.062714
1546	4	4	1	0:00:02.988530
1547	4	3	0	0:00:03.113421
1548	3	3	1	0:00:03.033592
1549	3	3	1	0:00:02.998260
1550	3	3	1	0:00:03.088165
1551	3	3	1	0:00:03.048962
1552	3	3	1	0:00:03.101588
1553	3	3	1	0:00:03.172792
1554	3	3	1	0:00:03.227218
1555	3	3	1	0:00:03.202507
1556	3	3	1	0:00:02.972507
1557	3	3	1	0:00:03.047170
1558	3	3	1	0:00:03.064751
1559	3	3	1	0:00:02.984680
1560	3	3	1	0:00:03.039066
1561	3	3	1	0:00:03.025359
1562	3	3	1	0:00:02.985188
1563	3	3	1	0:00:03.050586
1564	3	3	1	0:00:03.042325
1565	3	3	1	0:00:03.116713
1566	3	3	1	0:00:03.027611
1567	3	3	1	0:00:03.033973
1568	3	3	1	0:00:02.993559
1569	3	3	1	0:00:03.023844
1570	3	3	1	0:00:03.047611
1571	3	3	1	0:00:02.962456
1572	5	5	1	0:00:03.014874
1573	5	5	1	0:00:03.036174
1574	5	5	1	0:00:03.124565
1575	5	5	1	0:00:03.023197
1576	5	5	1	0:00:03.028162
1577	5	5	1	0:00:02.977428
1578	5	5	1	0:00:03.061771
1579	5	5	1	0:00:03.022254
1580	5	5	1	0:00:02.981842
1581	5	5	1	0:00:03.019888
1582	5	5	1	0:00:03.056814
1583	5	5	1	0:00:03.006403
1584	5	5	1	0:00:03.114849
1585	5	5	1	0:00:03.047295
1586	5	5	1	0:00:03.011307
1587	5	5	1	0:00:03.039145
1588	5	5	1	0:00:03.028303
1589	5	5	1	0:00:03.166348
1590	5	5	1	0:00:03.045931
1591	5	5	1	0:00:02.988425
1592	5	5	1	0:00:03.048155
1593	5	5	1	0:00:03.029178
1594	5	5	1	0:00:03.023009
1595	5	5	1	0:00:03.026914
1596	5	5	1	0:00:03.021529
1597	5	5	1	0:00:02.987228
1598	5	5	1	0:00:03.076178
1599	5	5	1	0:00:03.017320
1600	5	5	1	0:00:03.022841
1601	5	5	1	0:00:03.019655
1602	5	5	1	0:00:03.014767
1603	5	5	1	0:00:02.966383
1604	5	5	1	0:00:03.013100
1605	0	5	0	0:00:03.034237
1606	0	5	0	0:00:02.988922
1607	0	1	0	0:00:03.044216
1608	0	5	0	0:00:03.016053
1609	0	5	0	0:00:02.963515
1610	0	-1	0	0:00:03.035825
1611	0	5	0	0:00:03.039180
1612	0	1	0	0:00:02.982214
1613	0	-1	0	0:00:03.011256
1614	0	1	0	0:00:03.018179
1615	0	-1	0	0:00:02.981512
1616	0	1	0	0:00:03.025511
1617	0	5	0	0:00:03.030614
1618	0	-1	0	0:00:03.002248
1619	0	5	0	0:00:03.016383
1620	0	5	0	0:00:03.014994
1621	0	5	0	0:00:02.974797
1622	0	1	0	0:00:03.018322
1623	0	-1	0	0:00:03.031626
1624	0	1	0	0:00:02.985338
1625	0	5	0	0:00:03.051347
1626	0	-1	0	0:00:03.066377
1627	0	5	0	0:00:03.003742
1628	0	5	0	0:00:03.022328
1629	0	5	0	0:00:03.048364
1630	0	-1	0	0:00:02.978091
1631	0	5	0	0:00:03.025170
1632	0	5	0	0:00:03.028589
1633	0	5	0	0:00:02.977281
1634	0	5	0	0:00:03.044943
1635	2	5	0	0:00:03.152976
1636	2	5	0	0:00:02.987174
1637	2	5	0	0:00:03.021458
1638	2	5	0	0:00:03.036196
1639	2	5	0	0:00:02.974618
1640	2	5	0	0:00:03.016834
1641	2	5	0	0:00:03.032738
1642	2	5	0	0:00:02.971437
1643	2	5	0	0:00:03.032824
1644	2	5	0	0:00:03.028865
1645	2	5	0	0:00:02.974252
1646	2	5	0	0:00:03.025291
1647	2	1	0	0:00:03.039670
1648	2	5	0	0:00:02.990573
1649	2	5	0	0:00:03.026589
1650	2	5	0	0:00:03.036704
1651	2	5	0	0:00:02.997606
1652	2	5	0	0:00:03.012497
1653	2	5	0	0:00:03.022125
1654	2	5	0	0:00:02.966537
1655	2	5	0	0:00:03.026973
1656	2	5	0	0:00:03.002898
1657	2	-1	0	0:00:03.043233
1658	2	1	0	0:00:03.015906
1659	2	5	0	0:00:02.983525
1660	2	5	0	0:00:03.000247
1661	2	5	0	0:00:03.009030
1662	1	5	0	0:00:02.996937
1663	1	5	0	0:00:02.973166
1664	1	5	0	0:00:03.018359
1665	1	5	0	0:00:03.002584
1666	1	5	0	0:00:03.000835
1667	1	5	0	0:00:03.024803
1668	1	5	0	0:00:03.045519
1669	1	5	0	0:00:03.013173
1670	1	5	0	0:00:03.103097
1671	1	5	0	0:00:02.984792
1672	1	5	0	0:00:03.030798
1673	1	5	0	0:00:03.029264
1674	1	5	0	0:00:03.041691
1675	1	5	0	0:00:03.040223
1676	1	5	0	0:00:03.033523
1677	1	5	0	0:00:03.017465
1678	1	5	0	0:00:03.017264
1679	1	5	0	0:00:03.019871
1680	1	5	0	0:00:02.948289
1681	1	5	0	0:00:03.014611
1682	1	5	0	0:00:03.014509
1683	1	5	0	0:00:02.966067
1684	1	5	0	0:00:03.017845
1685	1	5	0	0:00:03.022000
1686	1	5	0	0:00:03.039021
1687	1	5	0	0:00:03.007147
1688	1	5	0	0:00:03.011155
1689	1	5	0	0:00:03.038024
1690	1	5	0	0:00:03.047995
1691	1	5	0	0:00:03.017676
1692	1	5	0	0:00:02.981455
1693	4	3	0	0:00:03.014614
1694	4	3	0	0:00:03.006232
1695	4	4	1	0:00:02.963751
1696	4	4	1	0:00:02.998345
1697	4	-1	0	0:00:03.005893
1698	4	3	0	0:00:02.957523
1699	4	3	0	0:00:03.014720
1700	4	3	0	0:00:03.009623
1701	4	-1	0	0:00:02.964406
1702	4	-1	0	0:00:03.006768
1703	4	-1	0	0:00:03.008320
1704	4	-1	0	0:00:02.946794
1705	4	-1	0	0:00:02.999098
1706	4	4	1	0:00:03.005105
1707	4	4	1	0:00:02.951998
1708	4	4	1	0:00:03.006900
1709	4	4	1	0:00:03.008926
1710	4	4	1	0:00:03.017702
1711	4	4	1	0:00:03.056335
1712	4	4	1	0:00:03.018344
1713	4	4	1	0:00:02.989851
1714	4	4	1	0:00:03.019406
1715	4	4	1	0:00:03.014792
1716	4	4	1	0:00:02.973146
1717	4	4	1	0:00:03.020491
1718	4	4	1	0:00:03.003318
1719	4	4	1	0:00:02.960677
1720	4	4	1	0:00:02.999872
1721	4	4	1	0:00:03.008562
1722	4	4	1	0:00:02.962498
1723	3	3	1	0:00:03.007347
1724	3	3	1	0:00:03.011845
1725	3	3	1	0:00:02.992182
1726	3	3	1	0:00:03.029419
1727	3	3	1	0:00:03.007071
1728	3	3	1	0:00:03.042838
1729	3	3	1	0:00:03.034623
1730	3	3	1	0:00:03.075190
1731	3	3	1	0:00:03.066936
1732	3	3	1	0:00:03.050015
1733	3	3	1	0:00:03.042156
1734	3	3	1	0:00:03.053914
1735	3	3	1	0:00:03.051086
1736	3	3	1	0:00:03.034251
1737	3	3	1	0:00:03.032282
1738	3	3	1	0:00:03.042197
1739	3	3	1	0:00:03.043809
1740	3	3	1	0:00:03.033029
1741	3	3	1	0:00:03.037712
1742	3	3	1	0:00:03.044213
1743	3	3	1	0:00:03.041511
1744	3	3	1	0:00:03.026896
1745	3	3	1	0:00:03.035558
1746	3	3	1	0:00:03.070968
1747	3	3	1	0:00:03.042326
1748	5	5	1	0:00:03.079534
1749	5	5	1	0:00:03.054311
1750	5	5	1	0:00:03.057467
1751	5	5	1	0:00:03.038362
1752	5	5	1	0:00:03.049078
1753	5	5	1	0:00:03.062812
1754	5	5	1	0:00:03.047549
1755	5	5	1	0:00:03.037607
1756	5	5	1	0:00:03.046968
1757	5	5	1	0:00:03.040519
1758	5	5	1	0:00:03.049092
1759	5	5	1	0:00:03.042525
1760	5	5	1	0:00:03.046784
1761	5	5	1	0:00:03.037083
1762	5	5	1	0:00:03.042603
1763	5	5	1	0:00:03.044389
1764	5	5	1	0:00:03.032392
1765	5	5	1	0:00:03.037038
1766	5	5	1	0:00:03.059988
1767	5	5	1	0:00:03.030030
1768	5	5	1	0:00:03.028765
1769	5	5	1	0:00:03.046511
1770	5	5	1	0:00:03.051541
1771	5	5	1	0:00:03.047590
1772	5	5	1	0:00:03.032077
1773	5	5	1	0:00:03.034646
1774	5	5	1	0:00:03.058277
1775	5	5	1	0:00:03.040174
1776	5	5	1	0:00:03.113429
1777	0	5	0	0:00:03.277789
1778	0	5	0	0:00:03.301851
1779	0	5	0	0:00:03.141535
1780	0	5	0	0:00:03.046532
1781	0	5	0	0:00:03.049391
1782	0	5	0	0:00:03.048431
1783	0	5	0	0:00:03.036181
1784	0	5	0	0:00:03.040826
1785	0	5	0	0:00:03.048926
1786	0	5	0	0:00:03.039255
1787	0	5	0	0:00:03.013129
1788	0	5	0	0:00:03.040635
1789	0	5	0	0:00:03.048451
1790	0	5	0	0:00:03.055421
1791	0	5	0	0:00:03.034945
1792	0	5	0	0:00:03.046709
1793	0	5	0	0:00:03.046910
1794	0	5	0	0:00:03.052134
1795	0	5	0	0:00:03.032785
1796	0	5	0	0:00:03.045376
1797	0	5	0	0:00:03.047109
1798	0	5	0	0:00:03.198561
1799	0	5	0	0:00:03.155824
1800	0	5	0	0:00:03.042199
1801	0	5	0	0:00:03.244838
1802	0	-1	0	0:00:03.299695
1803	0	5	0	0:00:03.041498
1804	2	5	0	0:00:03.085367
1805	2	5	0	0:00:03.084277
1806	2	5	0	0:00:02.866218
1807	2	5	0	0:00:01.456721
1808	2	5	0	0:00:01.450416
1809	2	5	0	0:00:01.494900
1810	2	5	0	0:00:01.440979
1811	2	5	0	0:00:01.440786
1812	2	5	0	0:00:01.433323
1813	2	5	0	0:00:01.440048
1814	2	5	0	0:00:02.812548
1815	2	5	0	0:00:02.947477
1816	2	5	0	0:00:03.123505
1817	2	5	0	0:00:03.069822
1818	2	5	0	0:00:02.996603
1819	2	5	0	0:00:02.968387
1820	2	5	0	0:00:03.001547
1821	2	5	0	0:00:03.028808
1822	2	5	0	0:00:03.038315
1823	2	5	0	0:00:03.019626
1824	1	5	0	0:00:03.026594
1825	1	5	0	0:00:02.990791
1826	1	5	0	0:00:03.028943
1827	1	5	0	0:00:03.025262
1828	1	5	0	0:00:03.016573
1829	1	5	0	0:00:03.022174
1830	1	5	0	0:00:03.030874
1831	1	5	0	0:00:03.032173
1832	1	5	0	0:00:03.012203
1833	1	5	0	0:00:03.234808
1834	1	5	0	0:00:02.989996
1835	1	5	0	0:00:03.029240
1836	1	5	0	0:00:03.030792
1837	1	5	0	0:00:02.999325
1838	1	5	0	0:00:02.992935
1839	1	5	0	0:00:03.015164
1840	1	5	0	0:00:03.017659
1841	1	5	0	0:00:02.967321
1842	1	5	0	0:00:03.028484
1843	1	5	0	0:00:03.037026
1844	1	5	0	0:00:02.991417
1845	1	5	0	0:00:03.015344
1846	1	5	0	0:00:03.042183
1847	1	5	0	0:00:02.989347
1848	4	3	0	0:00:03.022143
1849	4	3	0	0:00:03.024614
1850	4	3	0	0:00:03.057626
1851	4	3	0	0:00:03.022973
1852	4	3	0	0:00:03.023834
1853	4	3	0	0:00:03.003858
1854	4	3	0	0:00:02.960213
1855	4	3	0	0:00:03.022621
1856	4	4	1	0:00:03.014757
1857	4	-1	0	0:00:03.138611
1858	4	3	0	0:00:03.022878
1859	4	3	0	0:00:03.026314
1860	4	3	0	0:00:02.970365
1861	4	3	0	0:00:03.018681
1862	4	3	0	0:00:03.024277
1863	4	3	0	0:00:02.967706
1864	4	-1	0	0:00:03.057664
1865	4	3	0	0:00:03.011976
1866	4	3	0	0:00:02.961348
1867	4	3	0	0:00:03.013891
1868	4	3	0	0:00:03.031224
1869	4	4	1	0:00:02.960158
1870	4	4	1	0:00:03.010267
1871	4	4	1	0:00:03.021530
1872	4	4	1	0:00:02.980548
1873	4	4	1	0:00:03.008635
1874	4	4	1	0:00:03.007743
1875	4	4	1	0:00:03.018890
1876	4	4	1	0:00:02.966406
1877	4	4	1	0:00:03.009871
1878	4	4	1	0:00:03.001430
1879	4	4	1	0:00:02.968860
1880	4	4	1	0:00:03.009940
1881	4	4	1	0:00:03.013749
1882	4	4	1	0:00:02.970860
1883	4	4	1	0:00:03.064367
1884	4	4	1	0:00:03.260047
1885	4	4	1	0:00:03.277256
1886	4	4	1	0:00:03.013268
1887	4	4	1	0:00:02.980975
1888	3	3	1	0:00:03.019339
1889	3	3	1	0:00:03.032196
1890	3	3	1	0:00:03.004551
1891	3	3	1	0:00:03.013430
1892	3	3	1	0:00:03.022614
1893	3	3	1	0:00:03.095841
1894	3	3	1	0:00:03.013867
1895	3	3	1	0:00:02.978269
1896	3	3	1	0:00:03.006579
1897	3	3	1	0:00:03.025253
1898	3	3	1	0:00:02.992078
1899	3	3	1	0:00:03.033193
1900	3	3	1	0:00:03.019708
1901	3	3	1	0:00:02.984562
1902	3	3	1	0:00:03.000112
1903	3	3	1	0:00:03.187723
1904	3	3	1	0:00:03.059843
1905	3	3	1	0:00:03.013803
1906	3	3	1	0:00:03.025025
1907	3	3	1	0:00:03.092007
1908	3	3	1	0:00:03.008122
1909	3	3	1	0:00:03.000805
1910	3	3	1	0:00:02.956534
1911	3	3	1	0:00:03.011503
1912	3	3	1	0:00:02.995584
1913	3	3	1	0:00:02.962842
1914	3	3	1	0:00:02.993212
1915	3	3	1	0:00:03.006349
1916	3	3	1	0:00:03.001212
1917	3	3	1	0:00:03.050923
1918	5	5	1	0:00:03.029766
1919	5	5	1	0:00:02.966254
1920	5	5	1	0:00:03.171715
1921	5	5	1	0:00:03.000160
1922	5	5	1	0:00:02.974686
1923	5	5	1	0:00:03.076374
1924	5	5	1	0:00:03.001349
1925	5	5	1	0:00:03.000490
1926	5	5	1	0:00:03.011978
1927	5	5	1	0:00:03.013682
1928	5	5	1	0:00:02.991446
1929	5	5	1	0:00:03.004940
1930	5	5	1	0:00:03.022089
1931	5	5	1	0:00:02.979914
1932	5	5	1	0:00:03.081680
1933	5	5	1	0:00:03.021033
1934	5	5	1	0:00:03.010223
1935	5	5	1	0:00:03.045584
1936	5	5	1	0:00:03.113475
1937	5	5	1	0:00:03.068757
1938	5	5	1	0:00:03.039273
1939	5	5	1	0:00:02.970971
1940	5	5	1	0:00:03.017189
1941	5	5	1	0:00:03.013517
1942	5	5	1	0:00:03.000633
1943	5	5	1	0:00:03.037482
1944	5	5	1	0:00:03.008479
1945	5	5	1	0:00:03.039085
1946	5	5	1	0:00:03.017447
1947	5	5	1	0:00:03.027561
1948	5	5	1	0:00:03.035024
1949	5	5	1	0:00:03.063627
1950	0	5	0	0:00:03.046102
1951	0	5	0	0:00:03.205664
1952	0	-1	0	0:00:03.031323
1953	0	5	0	0:00:03.066766
1954	0	5	0	0:00:03.050093
1955	0	5	0	0:00:03.094465
1956	0	5	0	0:00:03.046339
1957	0	5	0	0:00:03.023880
1958	0	5	0	0:00:02.998308
1959	0	5	0	0:00:03.072767
1960	0	5	0	0:00:03.029066
1961	0	5	0	0:00:03.060432
1962	0	5	0	0:00:03.015885
1963	0	5	0	0:00:02.976465
1964	0	3	0	0:00:03.012083
1965	0	5	0	0:00:03.035671
1966	0	-1	0	0:00:02.985426
1967	0	5	0	0:00:03.017612
1968	0	5	0	0:00:03.031334
1969	0	5	0	0:00:02.981156
1970	0	5	0	0:00:02.980063
1971	0	5	0	0:00:03.033025
1972	0	5	0	0:00:03.016241
1973	0	5	0	0:00:03.005340
1974	0	5	0	0:00:03.014391
1975	0	5	0	0:00:03.016759
1976	0	5	0	0:00:02.978951
1977	0	5	0	0:00:03.068525
1978	0	5	0	0:00:02.985306
1979	2	5	0	0:00:03.015257
1980	2	5	0	0:00:03.041884
1981	2	5	0	0:00:02.981197
1982	2	5	0	0:00:03.072780
1983	2	5	0	0:00:03.080688
1984	2	5	0	0:00:03.017751
1985	2	5	0	0:00:03.004792
1986	2	5	0	0:00:03.055068
1987	2	5	0	0:00:03.046305
1988	2	5	0	0:00:03.023811
1989	1	5	0	0:00:03.056232
1990	1	5	0	0:00:03.012327
1991	1	5	0	0:00:03.035080
1992	1	5	0	0:00:03.022433
1993	1	5	0	0:00:02.983089
1994	1	5	0	0:00:03.016450
1995	1	5	0	0:00:03.024569
1996	1	5	0	0:00:02.976893
1997	1	5	0	0:00:03.019224
1998	1	-1	0	0:00:03.024851
1999	2	5	0	0:00:03.036455
2000	2	5	0	0:00:03.089490
2001	2	5	0	0:00:02.971382
2002	2	5	0	0:00:03.018960
2003	2	5	0	0:00:03.012040
2004	2	5	0	0:00:02.966460
2005	2	5	0	0:00:03.054479
2006	2	5	0	0:00:03.031602
2007	2	5	0	0:00:02.973835
2008	1	5	0	0:00:03.017514
2009	1	5	0	0:00:03.025415
2010	1	5	0	0:00:02.987194
2011	1	5	0	0:00:03.017021
2012	1	5	0	0:00:03.024944
2013	1	5	0	0:00:03.005616
2014	1	5	0	0:00:03.076649
2015	1	5	0	0:00:03.019234
2016	1	5	0	0:00:02.988367
2017	2	-1	0	0:00:03.022628
2018	2	5	0	0:00:03.014604
2019	2	5	0	0:00:02.968816
2020	2	5	0	0:00:03.009184
2021	2	5	0	0:00:03.016696
2022	2	5	0	0:00:03.003134
2023	2	5	0	0:00:03.017022
2024	2	5	0	0:00:03.019437
2025	2	5	0	0:00:02.974554
2026	1	5	0	0:00:03.018965
2027	1	5	0	0:00:02.980894
2028	1	5	0	0:00:03.062152
2029	1	5	0	0:00:03.108332
2030	1	5	0	0:00:03.033909
2031	1	5	0	0:00:03.044951
2032	1	5	0	0:00:03.086749
2033	1	5	0	0:00:03.041329
2034	1	-1	0	0:00:03.072389
2035	1	5	0	0:00:03.049330
2036	4	3	0	0:00:03.041513
2037	4	3	0	0:00:03.040812
2038	4	3	0	0:00:03.027135
2039	4	3	0	0:00:03.032373
2040	4	3	0	0:00:03.042497
2041	4	3	0	0:00:03.098722
2042	4	-1	0	0:00:03.041211
2043	4	3	0	0:00:03.298073
2044	4	3	0	0:00:03.106689
2045	4	3	0	0:00:03.065677
2046	4	3	0	0:00:03.045065
2047	4	3	0	0:00:03.053543
2048	4	3	0	0:00:03.080582
2049	4	3	0	0:00:03.097927
2050	4	3	0	0:00:03.059574
2051	4	3	0	0:00:03.058902
2052	4	3	0	0:00:03.056516
2053	4	3	0	0:00:03.045602
2054	4	4	1	0:00:03.057858
2055	4	-1	0	0:00:03.089890
2056	4	-1	0	0:00:03.034689
2057	4	-1	0	0:00:03.057843
2058	4	-1	0	0:00:03.040924
2059	4	-1	0	0:00:03.048999
2060	4	3	0	0:00:03.055342
2061	4	3	0	0:00:03.106214
2062	4	3	0	0:00:03.079086
2063	4	-1	0	0:00:03.056136
2064	4	3	0	0:00:03.104452
2065	4	3	0	0:00:03.074956
2066	4	3	0	0:00:03.172003
2067	4	3	0	0:00:03.104468
2068	4	3	0	0:00:03.133682
2069	3	3	1	0:00:03.044466
2070	3	3	1	0:00:03.055007
2071	3	3	1	0:00:03.045216
2072	3	3	1	0:00:03.037697
2073	3	3	1	0:00:03.051556
2074	3	3	1	0:00:03.057302
2075	3	3	1	0:00:03.060208
2076	3	3	1	0:00:03.069068
2077	3	3	1	0:00:03.097820
2078	3	3	1	0:00:03.117529
2079	3	3	1	0:00:03.155164
2080	3	3	1	0:00:03.084656
2081	3	3	1	0:00:03.080194
2082	3	3	1	0:00:03.054233
2083	3	3	1	0:00:03.041494
2084	3	3	1	0:00:03.074349
2085	3	3	1	0:00:03.031047
2086	3	3	1	0:00:03.041819
2087	3	3	1	0:00:03.119015
2088	3	3	1	0:00:03.059824
2089	3	3	1	0:00:03.045988
2090	3	3	1	0:00:03.061172
2091	3	3	1	0:00:03.152678
2092	3	3	1	0:00:03.084393
2093	3	3	1	0:00:03.065184
2094	3	3	1	0:00:03.133303
2095	3	3	1	0:00:03.043158
2096	5	5	1	0:00:03.050002
2097	5	5	1	0:00:03.100911
2098	5	5	1	0:00:03.126161
2099	5	5	1	0:00:03.070259
2100	5	5	1	0:00:03.052366
2101	5	5	1	0:00:03.106223
2102	5	5	1	0:00:03.066443
2103	5	5	1	0:00:03.083619
2104	5	5	1	0:00:03.058490
2105	5	5	1	0:00:03.100258
2106	5	5	1	0:00:03.065159
2107	5	5	1	0:00:01.510458
2108	5	5	1	0:00:01.529915
2109	5	5	1	0:00:01.542093
2110	5	5	1	0:00:01.568692
2111	5	5	1	0:00:01.493395
2112	5	5	1	0:00:01.468291
2113	5	5	1	0:00:01.460553
2114	5	5	1	0:00:02.659293
2115	5	5	1	0:00:02.952390
2116	5	5	1	0:00:03.082487
2117	5	5	1	0:00:03.009578
2118	5	5	1	0:00:03.096272
2119	5	5	1	0:00:03.043645
2120	5	5	1	0:00:03.024473
2121	5	5	1	0:00:03.145584
2122	5	5	1	0:00:03.041063
2123	5	5	1	0:00:03.139399
2124	5	5	1	0:00:03.073223
2125	5	5	1	0:00:02.984456
2126	5	5	1	0:00:03.100472
2127	5	5	1	0:00:03.114796
2128	5	5	1	0:00:03.021221
2129	0	-1	0	0:00:03.056729
2130	0	5	0	0:00:03.085887
2131	0	5	0	0:00:02.986442
2132	0	5	0	0:00:03.033549
2133	0	5	0	0:00:03.019676
2134	0	5	0	0:00:02.973900
2135	0	5	0	0:00:03.024209
2136	0	5	0	0:00:03.033064
2137	0	5	0	0:00:03.073121
2138	0	5	0	0:00:02.997324
2139	0	5	0	0:00:03.034843
2140	0	5	0	0:00:03.031598
2141	0	5	0	0:00:02.975085
2142	0	-1	0	0:00:03.047639
2143	0	-1	0	0:00:03.056078
2144	0	5	0	0:00:03.006658
2145	0	5	0	0:00:03.037841
2146	0	5	0	0:00:03.078839
2147	0	5	0	0:00:03.076620
2148	0	5	0	0:00:03.051297
2149	0	5	0	0:00:03.061320
2150	0	5	0	0:00:03.011194
2151	0	5	0	0:00:03.044218
2152	0	5	0	0:00:03.243344
2153	0	5	0	0:00:03.124177
2154	0	5	0	0:00:03.036807
2155	0	5	0	0:00:03.017822
2156	2	5	0	0:00:03.069882
2157	2	5	0	0:00:03.100016
2158	2	5	0	0:00:03.004615
2159	2	5	0	0:00:03.039525
2160	2	5	0	0:00:03.041007
2161	2	5	0	0:00:03.011014
2162	2	5	0	0:00:03.072323
2163	2	5	0	0:00:03.067397
2164	2	-1	0	0:00:03.014121
2165	2	5	0	0:00:03.108523
2166	2	5	0	0:00:03.034840
2167	2	5	0	0:00:03.111686
2168	2	5	0	0:00:03.027231
2169	2	5	0	0:00:03.153117
2170	2	5	0	0:00:03.046110
2171	2	5	0	0:00:03.034678
2172	2	5	0	0:00:03.032065
2173	2	5	0	0:00:03.050273
2174	1	-1	0	0:00:03.034478
2175	1	5	0	0:00:03.065711
2176	1	5	0	0:00:03.047535
2177	1	5	0	0:00:03.028936
2178	1	5	0	0:00:02.971380
2179	1	5	0	0:00:03.149098
2180	1	5	0	0:00:03.081424
2181	1	5	0	0:00:03.121135
2182	1	-1	0	0:00:03.096784
2183	1	5	0	0:00:03.138254
2184	1	5	0	0:00:03.031535
2185	1	5	0	0:00:03.004397
2186	1	5	0	0:00:03.130010
2187	1	5	0	0:00:03.097912
2188	1	5	0	0:00:03.014306
2189	1	5	0	0:00:03.088632
2190	1	5	0	0:00:02.999436
2191	1	5	0	0:00:03.038611
2192	1	5	0	0:00:03.105825
2193	1	5	0	0:00:03.015663
2194	1	5	0	0:00:03.046611
2195	1	5	0	0:00:03.029405
2196	1	5	0	0:00:03.030579
2197	1	5	0	0:00:03.077277
2198	1	5	0	0:00:03.045256
2199	1	5	0	0:00:02.983636
2200	1	5	0	0:00:03.067660
2201	1	3	0	0:00:03.069654
2202	1	5	0	0:00:03.159115
2203	2	5	0	0:00:03.118199
2204	2	5	0	0:00:03.008997
2205	2	5	0	0:00:03.023329
2206	2	5	0	0:00:03.027034
2207	2	5	0	0:00:03.066958
2208	2	5	0	0:00:03.026597
2209	2	5	0	0:00:02.998857
2210	2	5	0	0:00:03.024450
2211	2	5	0	0:00:03.014634
2212	4	-1	0	0:00:02.991296
2213	4	3	0	0:00:03.043303
2214	4	3	0	0:00:03.026227
2215	4	3	0	0:00:02.982822
2216	4	3	0	0:00:03.012540
2217	4	3	0	0:00:03.009504
2218	4	3	0	0:00:03.001292
2219	4	-1	0	0:00:03.048897
2220	4	-1	0	0:00:03.028438
2221	4	-1	0	0:00:03.022935
2222	4	-1	0	0:00:03.040506
2223	4	-1	0	0:00:03.068388
2224	4	4	1	0:00:02.970706
2225	4	4	1	0:00:03.013480
2226	4	4	1	0:00:03.025106
2227	4	-1	0	0:00:02.969049
2228	4	-1	0	0:00:03.108014
2229	4	4	1	0:00:03.067407
2230	4	3	0	0:00:03.000688
2231	4	3	0	0:00:03.025744
2232	4	3	0	0:00:03.031656
2233	4	-1	0	0:00:03.041757
2234	4	4	1	0:00:03.034541
2235	4	3	0	0:00:02.994973
2236	4	3	0	0:00:03.050441
2237	4	4	1	0:00:03.077344
2238	4	-1	0	0:00:02.993135
2239	4	3	0	0:00:03.104724
2240	4	3	0	0:00:03.082575
2241	4	3	0	0:00:02.989995
2242	4	-1	0	0:00:03.082568
2243	4	3	0	0:00:03.065644
2244	4	3	0	0:00:03.115117
2245	4	4	1	0:00:03.111938
2246	4	-1	0	0:00:03.042924
2247	4	4	1	0:00:03.119253
2248	4	3	0	0:00:03.061868
2249	4	3	0	0:00:03.101280
2250	3	3	1	0:00:03.096372
2251	3	3	1	0:00:03.108742
2252	3	3	1	0:00:03.054720
2253	3	3	1	0:00:03.093117
2254	3	3	1	0:00:03.100175
2255	3	3	1	0:00:03.214538
2256	3	3	1	0:00:03.083901
2257	3	3	1	0:00:03.053427
2258	3	3	1	0:00:03.026435
2259	3	3	1	0:00:03.038833
2260	3	3	1	0:00:03.031684
2261	3	3	1	0:00:03.075020
2262	3	3	1	0:00:03.096427
2263	3	3	1	0:00:03.043403
2264	3	3	1	0:00:03.062537
2265	3	3	1	0:00:03.022360
2266	3	3	1	0:00:03.028049
2267	3	3	1	0:00:03.051001
2268	3	3	1	0:00:03.059897
2269	3	3	1	0:00:03.079938
2270	3	3	1	0:00:03.058280
2271	3	3	1	0:00:03.027365
2272	3	3	1	0:00:03.047314
2273	3	3	1	0:00:03.051753
2274	3	3	1	0:00:03.014952
2275	3	3	1	0:00:03.044838
2276	3	3	1	0:00:03.013765
2277	3	3	1	0:00:03.062042
2278	3	3	1	0:00:03.074268
2279	3	3	1	0:00:02.993170
2280	3	3	1	0:00:03.055680
2281	3	3	1	0:00:03.062539
2282	3	3	1	0:00:03.038677
2283	3	3	1	0:00:03.072375
2284	3	3	1	0:00:03.048223
2285	3	3	1	0:00:03.089253
2286	5	5	1	0:00:03.065786
2287	5	5	1	0:00:03.029576
2288	5	5	1	0:00:03.051916
2289	5	5	1	0:00:03.057171
2290	5	5	1	0:00:03.015232
2291	5	5	1	0:00:03.046973
2292	5	5	1	0:00:03.045606
2293	5	5	1	0:00:03.058373
2294	5	5	1	0:00:03.104383
2295	5	5	1	0:00:03.059522
2296	5	5	1	0:00:03.068166
2297	5	5	1	0:00:03.057978
2298	5	5	1	0:00:03.012856
2299	5	5	1	0:00:03.056221
2300	5	5	1	0:00:03.082999
2301	5	5	1	0:00:03.042965
2302	5	5	1	0:00:03.062391
2303	5	5	1	0:00:03.023970
2304	5	5	1	0:00:03.048813
2305	5	5	1	0:00:03.052483
2306	5	5	1	0:00:03.017990
2307	5	5	1	0:00:03.046373
2308	5	5	1	0:00:03.092400
2309	5	5	1	0:00:03.039025
2310	5	5	1	0:00:03.059575
2311	5	5	1	0:00:03.077187
2312	5	5	1	0:00:03.025906
2313	5	5	1	0:00:03.114179
2314	5	5	1	0:00:03.031720
2315	5	5	1	0:00:03.084057
2316	5	5	1	0:00:03.077294
2317	0	5	0	0:00:03.029834
2318	0	5	0	0:00:03.048214
2319	0	-1	0	0:00:03.083474
2320	0	-1	0	0:00:03.047599
2321	0	5	0	0:00:03.074271
2322	0	1	0	0:00:03.040774
2323	0	-1	0	0:00:03.106184
2324	0	1	0	0:00:03.097679
2325	0	1	0	0:00:03.024595
2326	0	-1	0	0:00:03.089206
2327	0	5	0	0:00:03.081479
2328	0	5	0	0:00:03.120745
2329	0	1	0	0:00:03.087400
2330	0	1	0	0:00:03.090561
2331	0	1	0	0:00:03.102131
2332	0	1	0	0:00:03.075934
2333	0	-1	0	0:00:03.089439
2334	0	1	0	0:00:03.067171
2335	0	5	0	0:00:03.046689
2336	0	5	0	0:00:03.061539
2337	0	-1	0	0:00:03.101952
2338	0	-1	0	0:00:03.065477
2339	0	1	0	0:00:03.064002
2340	0	1	0	0:00:03.089907
2341	0	1	0	0:00:03.072797
2342	0	1	0	0:00:03.043861
2343	0	1	0	0:00:03.078136
2344	2	5	0	0:00:03.078351
2345	2	5	0	0:00:03.086764
2346	2	5	0	0:00:03.043709
2347	2	5	0	0:00:03.063045
2348	2	5	0	0:00:03.111392
2349	2	5	0	0:00:03.073498
2350	2	5	0	0:00:03.062492
2351	2	5	0	0:00:03.065415
2352	2	-1	0	0:00:03.063461
2353	2	5	0	0:00:03.046616
2354	2	5	0	0:00:03.046798
2355	2	5	0	0:00:03.061655
2356	2	5	0	0:00:03.094071
2357	2	5	0	0:00:03.068053
2358	2	5	0	0:00:03.059807
2359	2	5	0	0:00:03.066618
2360	2	5	0	0:00:03.054485
2361	2	5	0	0:00:03.079299
2362	2	5	0	0:00:03.086351
2363	2	5	0	0:00:03.087161
2364	2	5	0	0:00:03.078724
2365	2	5	0	0:00:03.064079
2366	1	5	0	0:00:03.126019
2367	1	5	0	0:00:03.089763
2368	1	5	0	0:00:03.103733
2369	1	5	0	0:00:03.094262
2370	1	5	0	0:00:03.104129
2371	1	5	0	0:00:03.116038
2372	1	5	0	0:00:03.082289
2373	1	5	0	0:00:03.104627
2374	1	5	0	0:00:03.084530
2375	1	5	0	0:00:03.082230
2376	1	5	0	0:00:03.079494
2377	1	5	0	0:00:03.052348
2378	1	5	0	0:00:03.045200
2379	1	5	0	0:00:03.086649
2380	1	5	0	0:00:03.096069
2381	1	5	0	0:00:03.113782
2382	1	5	0	0:00:03.097664
2383	1	5	0	0:00:03.048616
2384	1	5	0	0:00:03.066147
2385	1	5	0	0:00:03.120800
2386	1	5	0	0:00:03.094277
2387	1	5	0	0:00:03.069925
2388	1	5	0	0:00:03.096180
2389	1	5	0	0:00:03.160887
2390	1	5	0	0:00:03.078783
2391	1	5	0	0:00:03.079779
2392	4	5	0	0:00:03.041941
2393	4	3	0	0:00:03.063702
2394	4	4	1	0:00:03.044932
2395	4	3	0	0:00:03.056473
2396	4	3	0	0:00:03.045596
2397	4	4	1	0:00:03.053633
2398	4	4	1	0:00:03.040445
2399	4	4	1	0:00:03.091307
2400	4	4	1	0:00:03.071008
2401	4	4	1	0:00:03.067291
2402	4	4	1	0:00:03.052562
2403	4	4	1	0:00:03.110032
2404	4	3	0	0:00:02.414694
2405	4	3	0	0:00:01.487558
2406	4	3	0	0:00:01.515040
2407	4	5	0	0:00:01.502698
2408	4	5	0	0:00:01.520670
2409	4	4	1	0:00:01.522313
2410	4	4	1	0:00:01.681337
2411	4	4	1	0:00:01.646012
2412	4	3	0	0:00:03.014126
2413	4	3	0	0:00:02.973532
2414	4	4	1	0:00:02.976477
2415	4	4	1	0:00:02.985572
2416	4	4	1	0:00:03.039471
2417	4	4	1	0:00:03.001173
2418	4	4	1	0:00:03.032792
2419	4	4	1	0:00:02.964321
2420	4	4	1	0:00:03.016839
2421	4	-1	0	0:00:03.038121
2422	4	3	0	0:00:02.975371
2423	4	4	1	0:00:03.050247
2424	4	4	1	0:00:03.037992
2425	4	4	1	0:00:03.027115
2426	4	4	1	0:00:02.988220
2427	3	3	1	0:00:03.032050
2428	3	3	1	0:00:03.028876
2429	3	3	1	0:00:02.994229
2430	3	3	1	0:00:03.037015
2431	3	3	1	0:00:03.060792
2432	3	3	1	0:00:02.996801
2433	3	3	1	0:00:03.039153
2434	3	3	1	0:00:03.029159
2435	3	3	1	0:00:03.038312
2436	3	3	1	0:00:02.985560
2437	3	3	1	0:00:03.028872
2438	3	3	1	0:00:03.034641
2439	3	3	1	0:00:03.047988
2440	3	3	1	0:00:03.073223
2441	3	3	1	0:00:03.052775
2442	3	3	1	0:00:03.020278
2443	3	3	1	0:00:03.029263
2444	3	3	1	0:00:03.042164
2445	3	3	1	0:00:03.042907
2446	3	3	1	0:00:02.995519
2447	3	3	1	0:00:03.080034
2448	3	3	1	0:00:03.052176
2449	3	3	1	0:00:03.017203
2450	3	3	1	0:00:03.046605
2451	3	3	1	0:00:03.041325
2452	3	3	1	0:00:03.001324
2453	3	3	1	0:00:03.036189
2454	3	3	1	0:00:03.057242
2455	3	3	1	0:00:02.994646
2456	3	3	1	0:00:03.054462
2457	5	5	1	0:00:03.081022
2458	5	5	1	0:00:03.004595
2459	5	5	1	0:00:03.030089
2460	5	5	1	0:00:03.026114
2461	5	5	1	0:00:03.027871
2462	5	5	1	0:00:03.080675
2463	5	5	1	0:00:03.058456
2464	5	5	1	0:00:02.995185
2465	5	5	1	0:00:03.036019
2466	5	5	1	0:00:03.051355
2467	5	5	1	0:00:03.037432
2468	5	5	1	0:00:03.073893
2469	5	5	1	0:00:03.023080
2470	5	5	1	0:00:03.005221
2471	5	5	1	0:00:03.046330
2472	5	5	1	0:00:03.043138
2473	5	5	1	0:00:02.967361
2474	5	5	1	0:00:03.027325
2475	5	5	1	0:00:03.010989
2476	5	5	1	0:00:03.006617
2477	5	5	1	0:00:03.004443
2478	5	5	1	0:00:03.021718
2479	5	5	1	0:00:03.020274
2480	5	5	1	0:00:02.973085
2481	5	5	1	0:00:03.017323
2482	5	5	1	0:00:03.015227
2483	5	5	1	0:00:03.002159
2484	5	5	1	0:00:03.000933
2485	5	5	1	0:00:03.062351
2486	5	5	1	0:00:03.007305
2487	5	5	1	0:00:03.054939
2488	5	5	1	0:00:03.074358
2489	5	5	1	0:00:03.056467
2490	5	5	1	0:00:03.108558
2491	5	5	1	0:00:03.034828
2492	5	5	1	0:00:03.014541
2493	5	5	1	0:00:03.037352
2494	0	5	0	0:00:03.017269
2495	0	5	0	0:00:02.975834
2496	0	5	0	0:00:03.038110
2497	0	5	0	0:00:03.024310
2498	0	5	0	0:00:02.961558
2499	0	5	0	0:00:03.030128
2500	0	5	0	0:00:03.048680
2501	0	5	0	0:00:03.009183
2502	0	5	0	0:00:03.040500
2503	0	5	0	0:00:03.041852
2504	0	5	0	0:00:02.998969
2505	0	5	0	0:00:03.032545
2506	0	5	0	0:00:03.125235
2507	0	5	0	0:00:03.012815
2508	0	5	0	0:00:03.034696
2509	0	5	0	0:00:03.036291
2510	0	5	0	0:00:03.060106
2511	0	5	0	0:00:03.034138
2512	0	5	0	0:00:02.991312
2513	0	5	0	0:00:02.986837
2514	0	5	0	0:00:03.029775
2515	0	5	0	0:00:03.020682
2516	0	5	0	0:00:03.017755
2517	0	5	0	0:00:03.022032
2518	2	5	0	0:00:03.034586
2519	2	5	0	0:00:02.992040
2520	2	5	0	0:00:03.002926
2521	2	5	0	0:00:03.048111
2522	2	5	0	0:00:02.997963
2523	2	5	0	0:00:03.026424
2524	2	5	0	0:00:03.021360
2525	2	5	0	0:00:02.955048
2526	2	5	0	0:00:03.016143
2527	2	5	0	0:00:03.082830
2528	2	5	0	0:00:02.950563
2529	2	5	0	0:00:02.995270
2530	2	5	0	0:00:03.033873
2531	2	5	0	0:00:03.022395
2532	2	5	0	0:00:03.071596
2533	2	5	0	0:00:03.080604
2534	2	5	0	0:00:03.074142
2535	2	5	0	0:00:03.133170
2536	2	5	0	0:00:03.008451
2537	2	5	0	0:00:03.130899
2538	2	5	0	0:00:03.074996
2539	2	5	0	0:00:03.139571
2540	2	5	0	0:00:03.037821
2541	1	5	0	0:00:03.078232
2542	1	5	0	0:00:03.078377
2543	1	5	0	0:00:03.014346
2544	1	5	0	0:00:03.048646
2545	1	5	0	0:00:03.070271
2546	1	5	0	0:00:03.024591
2547	1	5	0	0:00:03.093123
2548	1	1	1	0:00:03.088166
2549	1	5	0	0:00:03.109180
2550	1	5	0	0:00:03.098846
2551	1	5	0	0:00:03.062407
2552	1	5	0	0:00:03.071061
2553	1	5	0	0:00:03.061726
2554	1	5	0	0:00:03.006493
2555	1	5	0	0:00:03.100836
2556	1	5	0	0:00:03.095808
2557	1	5	0	0:00:03.017062
2558	1	5	0	0:00:03.104797
2559	1	5	0	0:00:02.963050
2560	1	5	0	0:00:03.032140
2561	1	5	0	0:00:03.093324
2562	1	5	0	0:00:03.069875
2563	1	5	0	0:00:03.085972
2564	1	5	0	0:00:03.088440
2565	1	5	0	0:00:03.046818
2566	4	3	0	0:00:03.101957
2567	4	3	0	0:00:03.063302
2568	4	3	0	0:00:03.109072
2569	4	3	0	0:00:03.103003
2570	4	3	0	0:00:03.072768
2571	4	3	0	0:00:03.086637
2572	4	3	0	0:00:03.094901
2573	4	3	0	0:00:03.078562
2574	4	3	0	0:00:03.087392
2575	4	3	0	0:00:03.067751
2576	4	3	0	0:00:03.091979
2577	4	3	0	0:00:02.998691
2578	4	3	0	0:00:03.061291
2579	4	3	0	0:00:03.015219
2580	4	3	0	0:00:03.013351
2581	4	3	0	0:00:03.093448
2582	4	3	0	0:00:03.074497
2583	4	3	0	0:00:03.018780
2584	4	3	0	0:00:03.047958
2585	4	3	0	0:00:03.031861
2586	4	3	0	0:00:03.007930
2587	4	3	0	0:00:03.041045
2588	4	3	0	0:00:03.048654
2589	4	3	0	0:00:03.031649
2590	4	3	0	0:00:03.078446
2591	4	3	0	0:00:03.021513
2592	4	3	0	0:00:03.042699
2593	4	3	0	0:00:03.051726
2594	4	3	0	0:00:03.004836
2595	4	3	0	0:00:03.042503
2596	4	3	0	0:00:03.043015
2597	4	3	0	0:00:03.007246
2598	4	3	0	0:00:03.041973
2599	3	3	1	0:00:03.036650
2600	3	3	1	0:00:03.001669
2601	3	3	1	0:00:03.029018
2602	3	3	1	0:00:03.044091
2603	3	3	1	0:00:03.008901
2604	3	3	1	0:00:03.031765
2605	3	3	1	0:00:03.042253
2606	3	3	1	0:00:03.016159
2607	3	3	1	0:00:03.076309
2608	3	3	1	0:00:03.087247
2609	3	3	1	0:00:03.045578
2610	3	3	1	0:00:03.052804
2611	3	3	1	0:00:03.045137
2612	3	3	1	0:00:03.054365
2613	3	3	1	0:00:03.062656
2614	3	3	1	0:00:03.064317
2615	3	3	1	0:00:03.088984
2616	3	3	1	0:00:03.063699
2617	3	3	1	0:00:03.026618
2618	3	3	1	0:00:03.038406
2619	3	3	1	0:00:03.012795
2620	3	3	1	0:00:03.051522
2621	3	3	1	0:00:03.040578
2622	3	3	1	0:00:03.011957
2623	3	3	1	0:00:03.030967
2624	3	3	1	0:00:03.032948
2625	3	3	1	0:00:03.018204
2626	3	3	1	0:00:03.065782
2627	3	3	1	0:00:03.042332
2628	3	3	1	0:00:03.055181
2629	3	3	1	0:00:03.039930
2630	3	3	1	0:00:03.054689
2631	3	3	1	0:00:03.042528
2632	3	3	1	0:00:03.049542
2633	5	5	1	0:00:03.039978
2634	5	5	1	0:00:03.071802
2635	5	5	1	0:00:03.052809
2636	5	5	1	0:00:03.087786
2637	5	5	1	0:00:03.053968
2638	5	5	1	0:00:03.061707
2639	5	5	1	0:00:03.049737
2640	5	5	1	0:00:03.060105
2641	5	5	1	0:00:03.045417
2642	5	5	1	0:00:03.057033
2643	5	5	1	0:00:03.049537
2644	5	5	1	0:00:03.067014
2645	5	5	1	0:00:03.039765
2646	5	5	1	0:00:03.052269
2647	5	5	1	0:00:03.046430
2648	5	5	1	0:00:03.049477
2649	5	5	1	0:00:03.034697
2650	5	5	1	0:00:03.051494
2651	5	5	1	0:00:03.078761
2652	5	5	1	0:00:03.115726
2653	5	5	1	0:00:03.074274
2654	5	5	1	0:00:03.105795
2655	5	5	1	0:00:03.102586
2656	5	5	1	0:00:03.079526
2657	5	5	1	0:00:03.062687
2658	5	5	1	0:00:03.098412
2659	5	5	1	0:00:03.075828
2660	5	5	1	0:00:03.084309
2661	5	5	1	0:00:03.066941
2662	5	5	1	0:00:03.052654
2663	5	5	1	0:00:03.062348
2664	5	5	1	0:00:03.083356
2665	5	5	1	0:00:03.075878
2666	5	5	1	0:00:03.059776
2667	5	5	1	0:00:03.072809
2668	5	5	1	0:00:03.046230
2669	0	3	0	0:00:03.064507
2670	0	-1	0	0:00:03.055958
2671	0	5	0	0:00:03.057346
2672	0	5	0	0:00:03.047847
2673	0	5	0	0:00:03.051845
2674	0	3	0	0:00:03.048606
2675	0	-1	0	0:00:03.053692
2676	0	5	0	0:00:03.058659
2677	0	-1	0	0:00:03.088171
2678	0	5	0	0:00:03.099370
2679	0	5	0	0:00:03.079439
2680	0	5	0	0:00:03.054284
2681	0	5	0	0:00:01.512324
2682	0	5	0	0:00:02.303811
2683	0	5	0	0:00:03.041935
2684	0	-1	0	0:00:03.076315
2685	0	3	0	0:00:03.070341
2686	0	3	0	0:00:03.062017
2687	0	-1	0	0:00:03.050587
2688	0	-1	0	0:00:03.055944
2689	0	-1	0	0:00:03.050998
2690	0	3	0	0:00:03.062932
2691	0	-1	0	0:00:03.075893
2692	0	-1	0	0:00:03.090436
2693	0	-1	0	0:00:03.108917
2694	0	-1	0	0:00:03.088922
2695	0	-1	0	0:00:03.065984
2696	0	-1	0	0:00:03.075800
2697	2	5	0	0:00:03.087995
2698	2	5	0	0:00:03.093522
2699	2	5	0	0:00:03.064295
2700	2	5	0	0:00:03.070246
2701	2	5	0	0:00:03.057897
2702	2	5	0	0:00:03.068011
2703	2	5	0	0:00:03.095972
2704	2	5	0	0:00:03.110054
2705	2	5	0	0:00:03.077533
2706	2	5	0	0:00:01.990829
2707	2	5	0	0:00:01.512580
2708	2	5	0	0:00:01.494139
2709	2	5	0	0:00:01.494796
2710	2	5	0	0:00:01.494805
2711	2	5	0	0:00:01.490178
2712	2	5	0	0:00:01.493877
2713	2	5	0	0:00:02.408225
2714	2	5	0	0:00:03.037722
2715	2	-1	0	0:00:03.025447
2716	2	5	0	0:00:03.049259
2717	2	5	0	0:00:02.999734
2718	2	5	0	0:00:03.052919
2719	2	5	0	0:00:03.055575
2720	2	5	0	0:00:03.051336
2721	2	5	0	0:00:03.086456
2722	2	5	0	0:00:03.074698
2723	2	5	0	0:00:03.046861
2724	1	5	0	0:00:03.069096
2725	1	5	0	0:00:03.140710
2726	1	5	0	0:00:03.122655
2727	1	5	0	0:00:03.098368
2728	1	5	0	0:00:03.065925
2729	1	5	0	0:00:03.080723
2730	1	5	0	0:00:03.075478
2731	1	5	0	0:00:03.045774
2732	1	5	0	0:00:03.107846
2733	1	5	0	0:00:03.096088
2734	1	5	0	0:00:03.060724
2735	1	5	0	0:00:03.104650
2736	1	5	0	0:00:03.132906
2737	1	5	0	0:00:03.075202
2738	1	5	0	0:00:03.103255
2739	1	5	0	0:00:03.101865
2740	1	5	0	0:00:03.048032
2741	1	5	0	0:00:03.118021
2742	1	5	0	0:00:03.096424
2743	1	5	0	0:00:03.094581
2744	1	5	0	0:00:03.088186
2745	1	5	0	0:00:03.053397
2746	1	5	0	0:00:03.072660
2747	1	5	0	0:00:03.099647
2748	1	5	0	0:00:03.061243
2749	1	5	0	0:00:03.075422
2750	1	5	0	0:00:03.081506
2751	1	5	0	0:00:03.065000
2752	1	5	0	0:00:03.087932
2753	4	3	0	0:00:03.063723
2754	4	3	0	0:00:03.069293
2755	4	3	0	0:00:03.140985
2756	4	-1	0	0:00:03.089649
2757	4	3	0	0:00:03.072553
2758	4	3	0	0:00:03.065498
2759	4	3	0	0:00:03.048093
2760	4	3	0	0:00:03.053262
2761	4	3	0	0:00:03.057266
2762	4	3	0	0:00:03.028671
2763	4	3	0	0:00:03.047629
2764	4	3	0	0:00:03.058550
2765	4	3	0	0:00:03.024474
2766	4	3	0	0:00:03.085887
2767	4	3	0	0:00:03.105613
2768	4	3	0	0:00:03.051599
2769	4	3	0	0:00:03.072142
2770	4	3	0	0:00:03.113029
2771	4	3	0	0:00:03.104038
2772	4	3	0	0:00:03.111011
2773	4	3	0	0:00:03.057854
2774	4	3	0	0:00:03.111180
2775	4	3	0	0:00:03.103119
2776	4	3	0	0:00:03.051337
2777	4	3	0	0:00:03.095001
2778	4	3	0	0:00:03.079675
2779	4	3	0	0:00:03.088890
2780	4	3	0	0:00:03.102622
2781	4	3	0	0:00:03.034159
2782	4	3	0	0:00:03.110647
2783	4	3	0	0:00:03.087927
2784	4	3	0	0:00:03.043816
2785	4	3	0	0:00:03.104894
2786	4	3	0	0:00:03.046272
2787	4	3	0	0:00:03.080107
2788	4	3	0	0:00:03.050962
2789	3	3	1	0:00:03.028710
2790	3	3	1	0:00:03.056404
2791	3	3	1	0:00:03.099719
2792	3	3	1	0:00:03.070998
2793	3	3	1	0:00:03.091300
2794	3	3	1	0:00:03.111792
2795	3	3	1	0:00:03.097747
2796	3	3	1	0:00:03.092589
2797	3	3	1	0:00:03.068223
2798	3	3	1	0:00:03.087933
2799	3	3	1	0:00:03.083224
2800	3	3	1	0:00:03.045449
2801	3	3	1	0:00:03.089638
2802	3	3	1	0:00:03.044285
2803	3	3	1	0:00:03.068629
2804	3	3	1	0:00:03.146939
2805	3	3	1	0:00:03.048579
2806	3	3	1	0:00:03.102411
2807	3	3	1	0:00:03.049022
2808	3	3	1	0:00:03.095761
2809	3	3	1	0:00:03.093560
2810	3	3	1	0:00:03.081218
2811	3	3	1	0:00:03.066107
2812	3	3	1	0:00:03.064786
2813	3	3	1	0:00:03.022246
2814	3	3	1	0:00:03.078737
2815	3	3	1	0:00:03.051829
2816	3	3	1	0:00:03.098674
2817	3	3	1	0:00:03.099809
2818	3	3	1	0:00:03.047418
2819	3	3	1	0:00:03.055453
2820	3	3	1	0:00:03.079482
2821	3	3	1	0:00:03.086880
2822	3	3	1	0:00:03.112458
2823	5	5	1	0:00:03.038653
2824	5	5	1	0:00:03.118204
2825	5	5	1	0:00:03.076720
2826	5	5	1	0:00:03.037102
2827	5	5	1	0:00:03.060547
2828	5	5	1	0:00:03.039500
2829	5	5	1	0:00:03.029174
2830	5	5	1	0:00:03.055848
2831	5	5	1	0:00:03.036616
2832	5	5	1	0:00:03.033770
2833	5	5	1	0:00:03.055650
2834	5	5	1	0:00:03.080498
2835	5	5	1	0:00:03.073324
2836	5	5	1	0:00:03.165038
2837	5	5	1	0:00:03.154710
2838	5	5	1	0:00:03.046684
2839	5	5	1	0:00:03.030555
2840	5	5	1	0:00:03.053982
2841	5	5	1	0:00:03.098780
2842	5	5	1	0:00:03.048076
2843	5	5	1	0:00:03.066751
2844	5	5	1	0:00:03.041891
2845	5	5	1	0:00:03.145290
2846	5	5	1	0:00:03.078187
2847	5	5	1	0:00:03.044199
2848	5	5	1	0:00:03.092884
2849	5	5	1	0:00:03.080886
2850	5	5	1	0:00:03.104708
2851	5	5	1	0:00:03.099292
2852	5	5	1	0:00:03.067004
2853	5	5	1	0:00:03.078064
2854	5	5	1	0:00:03.088940
2855	5	5	1	0:00:03.195921
2856	5	5	1	0:00:03.096628
2857	5	5	1	0:00:03.078326
2858	5	5	1	0:00:03.095866
2859	0	5	0	0:00:03.039035
2860	0	5	0	0:00:03.095841
2861	0	5	0	0:00:03.063227
2862	0	5	0	0:00:03.035798
2863	0	-1	0	0:00:03.054059
2864	0	5	0	0:00:03.048754
2865	0	5	0	0:00:03.008313
2866	0	5	0	0:00:03.051443
2867	0	5	0	0:00:03.112031
2868	0	5	0	0:00:03.057027
2869	0	5	0	0:00:03.060854
2870	0	5	0	0:00:03.059661
2871	0	5	0	0:00:03.125572
2872	0	3	0	0:00:03.062546
2873	0	5	0	0:00:03.028636
2874	0	5	0	0:00:03.065188
2875	0	5	0	0:00:03.081135
2876	0	5	0	0:00:03.113669
2877	0	5	0	0:00:03.099413
2878	0	5	0	0:00:03.033637
2879	0	5	0	0:00:03.055397
2880	0	5	0	0:00:03.065127
2881	0	5	0	0:00:03.052189
2882	0	5	0	0:00:03.080496
2883	0	5	0	0:00:03.039962
2884	0	5	0	0:00:03.100172
2885	0	5	0	0:00:03.184354
2886	0	5	0	0:00:03.064933
2887	0	5	0	0:00:03.101427
2888	0	-1	0	0:00:03.083438
2889	2	5	0	0:00:03.089626
2890	2	5	0	0:00:03.036457
2891	2	5	0	0:00:03.042558
2892	2	5	0	0:00:03.099561
2893	2	5	0	0:00:03.091178
2894	2	5	0	0:00:03.079097
2895	2	5	0	0:00:03.121534
2896	2	5	0	0:00:02.980395
2897	2	5	0	0:00:03.016689
2898	2	5	0	0:00:03.056744
2899	2	5	0	0:00:03.010716
2900	2	5	0	0:00:03.024481
2901	2	5	0	0:00:03.075028
2902	2	5	0	0:00:03.036339
2903	2	5	0	0:00:03.026152
2904	2	5	0	0:00:03.079487
2905	2	5	0	0:00:03.058579
2906	2	5	0	0:00:03.071083
2907	2	5	0	0:00:03.031991
2908	1	5	0	0:00:03.094784
2909	1	5	0	0:00:03.075982
2910	1	5	0	0:00:02.985401
2911	1	5	0	0:00:03.144447
2912	1	5	0	0:00:03.039866
2913	1	5	0	0:00:03.046518
2914	1	5	0	0:00:03.030130
2915	1	5	0	0:00:02.969577
2916	1	5	0	0:00:03.090466
2917	1	5	0	0:00:03.036208
2918	1	5	0	0:00:02.984041
2919	1	5	0	0:00:03.062114
2920	1	5	0	0:00:03.050962
2921	1	5	0	0:00:03.002293
2922	1	5	0	0:00:03.034039
2923	1	5	0	0:00:03.031858
2924	1	5	0	0:00:03.080712
2925	1	5	0	0:00:03.112299
2926	1	5	0	0:00:03.113240
2927	1	-1	0	0:00:03.060179
2928	2	5	0	0:00:03.099477
2929	2	5	0	0:00:03.100072
2930	2	5	0	0:00:03.108836
2931	2	5	0	0:00:03.112757
2932	2	5	0	0:00:03.068996
2933	2	5	0	0:00:03.087660
2934	2	5	0	0:00:03.086066
2935	2	5	0	0:00:03.145913
2936	2	5	0	0:00:03.059132
2937	1	5	0	0:00:03.067403
2938	1	5	0	0:00:03.025238
2939	1	5	0	0:00:03.043038
2940	1	5	0	0:00:03.062243
2941	1	5	0	0:00:03.050598
2942	1	5	0	0:00:03.098238
2943	1	5	0	0:00:03.089868
2944	1	5	0	0:00:03.123918
2945	1	5	0	0:00:03.109931
2946	1	5	0	0:00:03.166988
