idx	label	predict	correct	time
0	4	4	1	0:00:03.065099
1	4	4	1	0:00:03.068310
2	4	4	1	0:00:03.056612
3	4	4	1	0:00:03.035303
4	4	4	1	0:00:03.052566
5	4	4	1	0:00:03.043907
6	4	4	1	0:00:03.074938
7	4	4	1	0:00:03.088903
8	4	4	1	0:00:03.050770
9	4	4	1	0:00:03.050230
10	4	4	1	0:00:01.777973
11	4	4	1	0:00:01.438054
12	4	4	1	0:00:01.465123
13	4	4	1	0:00:01.423695
14	4	4	1	0:00:01.422662
15	4	4	1	0:00:01.422134
16	4	4	1	0:00:01.439860
17	4	4	1	0:00:01.831713
18	4	4	1	0:00:02.999795
19	4	4	1	0:00:02.952943
20	4	4	1	0:00:02.987810
21	4	4	1	0:00:02.998991
22	4	4	1	0:00:03.059089
23	4	4	1	0:00:02.987889
24	4	4	1	0:00:02.944040
25	4	4	1	0:00:02.995744
26	4	4	1	0:00:03.002955
27	4	4	1	0:00:02.971570
28	4	4	1	0:00:03.024204
29	4	4	1	0:00:03.016440
30	4	4	1	0:00:02.973283
31	3	4	0	0:00:03.029507
32	3	4	0	0:00:03.026016
33	3	4	0	0:00:02.984423
34	3	4	0	0:00:03.009837
35	3	4	0	0:00:03.022619
36	3	4	0	0:00:03.018363
37	3	4	0	0:00:02.969312
38	3	4	0	0:00:03.025664
39	3	4	0	0:00:03.016518
40	3	4	0	0:00:02.972062
41	3	4	0	0:00:03.019266
42	3	4	0	0:00:03.031201
43	3	4	0	0:00:03.000081
44	3	3	1	0:00:02.979648
45	3	3	1	0:00:03.016234
46	3	4	0	0:00:03.021337
47	3	4	0	0:00:02.974991
48	3	4	0	0:00:03.047886
49	3	4	0	0:00:03.025989
50	3	4	0	0:00:02.976704
51	3	4	0	0:00:03.023323
52	3	4	0	0:00:03.022323
53	3	4	0	0:00:03.079624
54	3	4	0	0:00:03.043933
55	5	5	1	0:00:03.013601
56	5	5	1	0:00:02.985733
57	5	5	1	0:00:03.014673
58	5	5	1	0:00:03.020615
59	5	5	1	0:00:03.003299
60	5	5	1	0:00:02.966553
61	5	5	1	0:00:03.015103
62	5	5	1	0:00:03.014726
63	5	5	1	0:00:02.958029
64	5	5	1	0:00:02.956129
65	5	5	1	0:00:03.019460
66	5	5	1	0:00:03.014483
67	5	5	1	0:00:02.969316
68	5	5	1	0:00:03.023720
69	5	5	1	0:00:03.002151
70	5	5	1	0:00:02.963160
71	5	5	1	0:00:03.024094
72	5	5	1	0:00:03.020578
73	5	5	1	0:00:02.966133
74	5	5	1	0:00:03.004507
75	5	5	1	0:00:03.015621
76	5	5	1	0:00:02.969570
77	5	5	1	0:00:03.008904
78	5	5	1	0:00:03.025284
79	0	1	0	0:00:03.067543
80	0	0	1	0:00:03.121014
81	0	0	1	0:00:03.014276
82	0	0	1	0:00:02.974025
83	0	0	1	0:00:03.009087
84	0	0	1	0:00:03.012039
85	0	0	1	0:00:02.966063
86	0	0	1	0:00:03.014737
87	0	0	1	0:00:03.013970
88	0	0	1	0:00:02.962730
89	0	0	1	0:00:02.986052
90	0	0	1	0:00:03.018275
91	0	0	1	0:00:03.004465
92	0	0	1	0:00:02.951259
93	0	0	1	0:00:03.008792
94	0	1	0	0:00:03.036210
95	0	0	1	0:00:02.949897
96	0	0	1	0:00:03.008201
97	0	0	1	0:00:03.011420
98	0	0	1	0:00:02.988602
99	0	0	1	0:00:03.024018
100	0	0	1	0:00:02.993562
101	0	0	1	0:00:03.062465
102	0	0	1	0:00:03.018716
103	0	0	1	0:00:03.010763
104	0	0	1	0:00:02.947198
105	0	0	1	0:00:03.008962
106	0	0	1	0:00:03.008878
107	0	0	1	0:00:02.989644
108	0	0	1	0:00:02.988384
109	2	1	0	0:00:03.007665
110	2	1	0	0:00:02.970134
111	2	1	0	0:00:03.013813
112	2	1	0	0:00:03.013554
113	2	1	0	0:00:03.002112
114	2	1	0	0:00:02.970777
115	2	2	1	0:00:03.008022
116	2	2	1	0:00:03.057457
117	2	2	1	0:00:02.992622
118	2	2	1	0:00:03.010435
119	2	2	1	0:00:03.013792
120	2	2	1	0:00:02.959535
121	2	2	1	0:00:03.014544
122	2	2	1	0:00:03.018008
123	2	2	1	0:00:02.957680
124	2	2	1	0:00:03.014628
125	2	1	0	0:00:03.008917
126	2	2	1	0:00:02.982432
127	2	2	1	0:00:03.108319
128	2	2	1	0:00:03.033728
129	2	2	1	0:00:02.954473
130	2	2	1	0:00:03.014606
131	2	2	1	0:00:03.015035
132	2	1	0	0:00:02.964769
133	1	1	1	0:00:03.011875
134	1	1	1	0:00:03.045471
135	1	1	1	0:00:03.049868
136	1	1	1	0:00:03.008847
137	1	1	1	0:00:03.016658
138	1	1	1	0:00:02.984385
139	1	1	1	0:00:03.264530
140	1	1	1	0:00:03.210138
141	1	1	1	0:00:03.045284
142	1	1	1	0:00:02.957280
143	1	1	1	0:00:03.008821
144	1	1	1	0:00:03.001051
145	1	1	1	0:00:02.970036
146	1	1	1	0:00:02.992854
147	1	1	1	0:00:03.026314
148	1	1	1	0:00:03.232852
149	1	1	1	0:00:03.007709
150	1	1	1	0:00:03.006594
151	1	1	1	0:00:02.925572
152	1	1	1	0:00:03.010946
153	1	1	1	0:00:03.023826
154	1	1	1	0:00:02.987569
155	1	1	1	0:00:03.017442
156	1	1	1	0:00:03.013741
157	1	1	1	0:00:02.953757
158	4	4	1	0:00:03.011036
159	4	4	1	0:00:03.007914
160	4	4	1	0:00:02.960757
161	4	4	1	0:00:03.012074
162	4	4	1	0:00:03.005187
163	4	4	1	0:00:02.962739
164	4	4	1	0:00:03.002278
165	4	4	1	0:00:03.027240
166	4	4	1	0:00:02.992937
167	4	4	1	0:00:03.008623
168	4	4	1	0:00:03.024574
169	4	4	1	0:00:03.005544
170	4	4	1	0:00:02.989293
171	4	4	1	0:00:03.005609
172	4	4	1	0:00:03.024693
173	4	4	1	0:00:02.928740
174	4	4	1	0:00:03.027292
175	4	4	1	0:00:03.000371
176	4	4	1	0:00:02.958813
177	4	4	1	0:00:03.033399
178	4	4	1	0:00:03.001522
179	4	4	1	0:00:02.960015
180	4	4	1	0:00:03.004919
181	3	3	1	0:00:03.006026
182	3	3	1	0:00:02.958096
183	3	3	1	0:00:02.980335
184	3	3	1	0:00:03.006636
185	3	3	1	0:00:02.956254
186	3	3	1	0:00:03.002554
187	3	3	1	0:00:03.048747
188	3	3	1	0:00:02.994619
189	3	3	1	0:00:03.001454
190	3	3	1	0:00:02.996746
191	3	3	1	0:00:02.995184
192	3	3	1	0:00:03.003576
193	3	3	1	0:00:03.009068
194	3	3	1	0:00:03.000813
195	3	3	1	0:00:03.031510
196	3	3	1	0:00:03.026485
197	3	4	0	0:00:02.969825
198	3	3	1	0:00:03.016645
199	3	3	1	0:00:03.057537
200	3	3	1	0:00:02.970887
201	3	3	1	0:00:03.049876
202	3	3	1	0:00:03.132715
203	5	5	1	0:00:02.990098
204	5	5	1	0:00:03.010040
205	5	5	1	0:00:03.016898
206	5	5	1	0:00:02.952080
207	5	5	1	0:00:03.012925
208	5	5	1	0:00:03.005407
209	5	5	1	0:00:02.963853
210	5	5	1	0:00:03.012039
211	5	5	1	0:00:03.005372
212	5	5	1	0:00:02.981251
213	5	5	1	0:00:02.985314
214	5	5	1	0:00:03.013654
215	5	5	1	0:00:03.025894
216	5	5	1	0:00:03.004346
217	5	5	1	0:00:03.012561
218	5	5	1	0:00:02.995974
219	5	5	1	0:00:02.995587
220	5	5	1	0:00:03.050799
221	5	5	1	0:00:02.995466
222	5	5	1	0:00:02.979149
223	5	5	1	0:00:03.005139
224	5	5	1	0:00:03.175755
225	5	5	1	0:00:03.283398
226	5	5	1	0:00:03.242807
227	0	1	0	0:00:03.063110
228	0	0	1	0:00:03.011457
229	0	1	0	0:00:02.966798
230	0	0	1	0:00:03.005626
231	0	0	1	0:00:03.003979
232	0	0	1	0:00:02.952680
233	0	1	0	0:00:03.082048
234	0	0	1	0:00:03.037375
235	0	0	1	0:00:03.049833
236	0	0	1	0:00:03.044733
237	0	0	1	0:00:03.047259
238	0	0	1	0:00:03.033547
239	0	0	1	0:00:03.036734
240	0	0	1	0:00:03.041093
241	0	0	1	0:00:03.055010
242	0	0	1	0:00:03.025573
243	0	0	1	0:00:03.036541
244	0	1	0	0:00:03.040762
245	0	0	1	0:00:03.042388
246	0	0	1	0:00:03.030671
247	0	0	1	0:00:03.038227
248	0	0	1	0:00:03.041919
249	0	0	1	0:00:03.046772
250	0	0	1	0:00:03.051614
251	0	1	0	0:00:03.056790
252	0	1	0	0:00:03.056855
253	0	1	0	0:00:03.046153
254	0	0	1	0:00:03.021596
255	0	1	0	0:00:03.032376
256	2	1	0	0:00:03.038246
257	2	2	1	0:00:03.045710
258	2	2	1	0:00:03.038557
259	2	2	1	0:00:03.082052
260	2	2	1	0:00:03.052287
261	2	0	0	0:00:03.055336
262	2	2	1	0:00:03.034977
263	2	2	1	0:00:03.047073
264	2	2	1	0:00:03.043163
265	2	2	1	0:00:03.048898
266	2	2	1	0:00:03.039510
267	2	2	1	0:00:03.045088
268	2	2	1	0:00:03.045831
269	2	2	1	0:00:03.049980
270	2	2	1	0:00:03.031645
271	2	2	1	0:00:03.051884
272	2	2	1	0:00:03.028598
273	2	1	0	0:00:03.046490
274	2	2	1	0:00:03.037521
275	2	2	1	0:00:03.051857
276	2	2	1	0:00:03.040938
277	2	2	1	0:00:03.051150
278	2	2	1	0:00:03.040578
279	1	1	1	0:00:03.054066
280	1	1	1	0:00:03.036653
281	1	1	1	0:00:03.047074
282	1	1	1	0:00:03.034076
283	1	1	1	0:00:03.049106
284	1	1	1	0:00:03.038993
285	1	1	1	0:00:03.050420
286	1	1	1	0:00:03.056231
287	1	1	1	0:00:03.042359
288	1	1	1	0:00:03.036826
289	1	1	1	0:00:03.051316
290	1	1	1	0:00:03.055082
291	1	1	1	0:00:03.042857
292	1	1	1	0:00:03.037473
293	1	1	1	0:00:03.058248
294	1	1	1	0:00:03.058558
295	1	1	1	0:00:03.101852
296	1	1	1	0:00:03.041373
297	1	1	1	0:00:03.067509
298	1	1	1	0:00:03.063027
299	1	1	1	0:00:03.046576
300	1	1	1	0:00:03.047661
301	1	1	1	0:00:03.066787
302	4	4	1	0:00:03.058249
303	4	4	1	0:00:03.050737
304	4	4	1	0:00:03.057085
305	4	3	0	0:00:03.085460
306	4	4	1	0:00:03.086167
307	4	4	1	0:00:03.056363
308	4	4	1	0:00:03.048044
309	4	3	0	0:00:03.064310
310	4	3	0	0:00:03.058297
311	4	3	0	0:00:03.051744
312	4	3	0	0:00:02.563239
313	4	3	0	0:00:01.485206
314	4	3	0	0:00:01.479165
315	4	3	0	0:00:01.476217
316	4	3	0	0:00:01.484803
317	4	4	1	0:00:01.478694
318	4	4	1	0:00:01.463619
319	4	3	0	0:00:01.441699
320	4	3	0	0:00:02.792700
321	4	4	1	0:00:02.967715
322	4	4	1	0:00:02.968798
323	4	3	0	0:00:02.935836
324	4	3	0	0:00:02.993226
325	4	4	1	0:00:03.009172
326	4	4	1	0:00:02.996715
327	4	3	0	0:00:03.030088
328	4	4	1	0:00:03.019013
329	4	4	1	0:00:02.996735
330	3	3	1	0:00:03.043275
331	3	3	1	0:00:03.031383
332	3	3	1	0:00:02.976704
333	3	3	1	0:00:03.034126
334	3	3	1	0:00:03.045052
335	3	3	1	0:00:03.040516
336	3	3	1	0:00:02.994567
337	3	3	1	0:00:03.030601
338	3	3	1	0:00:03.044557
339	3	3	1	0:00:02.979909
340	3	3	1	0:00:03.040970
341	3	3	1	0:00:03.043800
342	3	3	1	0:00:03.005394
343	3	3	1	0:00:03.036744
344	3	4	0	0:00:03.042308
345	3	4	0	0:00:03.036234
346	3	3	1	0:00:03.016514
347	3	3	1	0:00:03.037817
348	3	3	1	0:00:03.041926
349	3	3	1	0:00:02.990184
350	3	4	0	0:00:03.026445
351	3	4	0	0:00:03.049565
352	3	3	1	0:00:02.988623
353	3	4	0	0:00:03.043129
354	5	5	1	0:00:03.038005
355	5	5	1	0:00:03.015112
356	5	5	1	0:00:03.024423
357	5	5	1	0:00:03.040049
358	5	5	1	0:00:03.033172
359	5	5	1	0:00:02.979530
360	5	5	1	0:00:03.041253
361	5	5	1	0:00:03.040057
362	5	5	1	0:00:03.003456
363	5	5	1	0:00:03.031368
364	5	5	1	0:00:03.025194
365	5	5	1	0:00:02.984615
366	5	5	1	0:00:03.047824
367	5	5	1	0:00:03.028394
368	5	5	1	0:00:03.005375
369	5	5	1	0:00:03.014993
370	5	5	1	0:00:03.037631
371	5	5	1	0:00:03.027538
372	5	5	1	0:00:02.967005
373	5	5	1	0:00:03.017656
374	5	5	1	0:00:03.029577
375	5	5	1	0:00:02.984366
376	5	5	1	0:00:03.022418
377	5	5	1	0:00:03.027136
378	5	5	1	0:00:02.990693
379	5	5	1	0:00:03.031734
380	5	5	1	0:00:03.016461
381	5	5	1	0:00:02.977272
382	5	5	1	0:00:03.033747
383	5	5	1	0:00:03.027934
384	0	0	1	0:00:02.985066
385	0	0	1	0:00:03.026767
386	0	0	1	0:00:03.046265
387	0	0	1	0:00:02.970004
388	0	0	1	0:00:03.017248
389	0	0	1	0:00:03.025849
390	0	0	1	0:00:03.020245
391	0	0	1	0:00:02.996522
392	0	0	1	0:00:03.032253
393	0	0	1	0:00:03.021769
394	0	0	1	0:00:02.970319
395	0	0	1	0:00:03.016418
396	0	0	1	0:00:03.028771
397	0	0	1	0:00:02.975297
398	0	0	1	0:00:03.026112
399	0	0	1	0:00:03.002700
400	0	0	1	0:00:02.968742
401	0	0	1	0:00:03.031402
402	0	0	1	0:00:03.019116
403	0	0	1	0:00:02.985785
404	0	0	1	0:00:03.011542
405	0	0	1	0:00:03.016876
406	0	0	1	0:00:02.970656
407	0	0	1	0:00:03.007090
408	0	0	1	0:00:03.024972
409	0	0	1	0:00:02.985822
410	0	0	1	0:00:03.031661
411	0	0	1	0:00:03.012521
412	0	0	1	0:00:03.000957
413	0	0	1	0:00:03.020648
414	0	0	1	0:00:03.030913
415	2	2	1	0:00:03.004866
416	2	2	1	0:00:03.029721
417	2	2	1	0:00:03.032138
418	2	5	0	0:00:02.999920
419	2	2	1	0:00:03.011297
420	2	2	1	0:00:03.041862
421	2	2	1	0:00:03.023939
422	2	2	1	0:00:03.016990
423	2	2	1	0:00:03.020002
424	2	2	1	0:00:03.004429
425	2	2	1	0:00:02.988128
426	2	2	1	0:00:03.034521
427	2	2	1	0:00:03.011358
428	2	2	1	0:00:02.981359
429	2	2	1	0:00:03.020678
430	2	2	1	0:00:03.029786
431	2	2	1	0:00:02.970605
432	2	2	1	0:00:03.018793
433	2	2	1	0:00:03.012962
434	2	2	1	0:00:02.988336
435	2	2	1	0:00:03.017786
436	2	2	1	0:00:03.005378
437	2	2	1	0:00:02.959875
438	1	1	1	0:00:02.997100
439	1	1	1	0:00:03.017444
440	1	1	1	0:00:02.948986
441	1	1	1	0:00:03.022063
442	1	1	1	0:00:02.999189
443	1	1	1	0:00:03.006830
444	1	1	1	0:00:03.046314
445	1	1	1	0:00:03.005052
446	1	1	1	0:00:02.996554
447	1	1	1	0:00:02.979592
448	1	1	1	0:00:03.015763
449	1	1	1	0:00:03.049099
450	1	1	1	0:00:02.967753
451	1	1	1	0:00:03.012153
452	1	1	1	0:00:03.012571
453	1	1	1	0:00:02.977268
454	1	1	1	0:00:03.034781
455	1	1	1	0:00:03.023915
456	1	1	1	0:00:02.993638
457	1	1	1	0:00:03.016635
458	1	1	1	0:00:03.019258
459	1	1	1	0:00:02.984045
460	1	1	1	0:00:03.040397
461	1	1	1	0:00:03.016772
462	1	1	1	0:00:02.985547
463	1	1	1	0:00:03.049994
464	1	1	1	0:00:03.021129
465	1	1	1	0:00:02.964767
466	4	4	1	0:00:03.038391
467	4	4	1	0:00:03.021385
468	4	4	1	0:00:03.000955
469	4	4	1	0:00:03.036110
470	4	4	1	0:00:03.039252
471	4	4	1	0:00:02.990756
472	4	4	1	0:00:03.019756
473	4	4	1	0:00:03.034680
474	4	4	1	0:00:02.966878
475	4	4	1	0:00:03.017921
476	4	4	1	0:00:03.023995
477	4	3	0	0:00:02.977528
478	4	3	0	0:00:03.031204
479	4	3	0	0:00:03.027101
480	4	3	0	0:00:03.004880
481	4	4	1	0:00:03.049721
482	4	4	1	0:00:03.029449
483	4	3	0	0:00:02.984714
484	4	4	1	0:00:03.021024
485	4	4	1	0:00:03.015252
486	4	4	1	0:00:02.971828
487	4	4	1	0:00:03.014901
488	4	4	1	0:00:03.074455
489	4	3	0	0:00:03.008976
490	4	4	1	0:00:03.029119
491	4	4	1	0:00:03.021011
492	4	3	0	0:00:02.976517
493	4	4	1	0:00:03.030054
494	3	3	1	0:00:03.024110
495	3	3	1	0:00:02.963270
496	3	3	1	0:00:03.034707
497	3	3	1	0:00:03.030546
498	3	3	1	0:00:02.978693
499	3	3	1	0:00:03.013448
500	3	3	1	0:00:03.020287
501	3	3	1	0:00:02.989117
502	3	3	1	0:00:03.017755
503	3	3	1	0:00:03.025861
504	3	3	1	0:00:02.979064
505	3	3	1	0:00:03.017123
506	3	3	1	0:00:03.021176
507	3	3	1	0:00:02.970707
508	3	3	1	0:00:03.017869
509	3	3	1	0:00:03.021076
510	3	3	1	0:00:02.972255
511	3	3	1	0:00:03.034620
512	3	4	0	0:00:03.032942
513	3	4	0	0:00:02.978773
514	3	4	0	0:00:03.040820
515	3	4	0	0:00:03.041849
516	3	3	1	0:00:02.985360
517	3	3	1	0:00:03.036495
518	3	4	0	0:00:03.030584
519	3	4	0	0:00:03.001845
520	5	5	1	0:00:02.998556
521	5	5	1	0:00:03.014857
522	5	5	1	0:00:03.032388
523	5	5	1	0:00:02.986227
524	5	5	1	0:00:03.012115
525	5	5	1	0:00:03.023809
526	5	5	1	0:00:02.990028
527	5	5	1	0:00:03.041363
528	5	5	1	0:00:03.014374
529	5	5	1	0:00:02.994077
530	5	5	1	0:00:03.043739
531	5	5	1	0:00:03.012105
532	5	5	1	0:00:02.975597
533	5	5	1	0:00:03.013867
534	5	5	1	0:00:03.056171
535	5	5	1	0:00:03.005257
536	5	5	1	0:00:03.066435
537	5	5	1	0:00:03.041581
538	5	5	1	0:00:03.046165
539	5	5	1	0:00:03.054180
540	5	5	1	0:00:03.051670
541	5	5	1	0:00:03.039169
542	5	5	1	0:00:03.045058
543	5	5	1	0:00:03.050199
544	0	0	1	0:00:03.061686
545	0	0	1	0:00:03.038426
546	0	0	1	0:00:03.046685
547	0	0	1	0:00:03.047180
548	0	0	1	0:00:03.062695
549	0	0	1	0:00:03.036415
550	0	0	1	0:00:03.050347
551	0	0	1	0:00:03.051779
552	0	0	1	0:00:03.039472
553	0	0	1	0:00:03.047416
554	0	0	1	0:00:03.041418
555	0	0	1	0:00:03.044751
556	0	0	1	0:00:03.050523
557	0	0	1	0:00:03.038055
558	0	5	0	0:00:03.043987
559	0	0	1	0:00:03.043704
560	0	0	1	0:00:03.047076
561	0	0	1	0:00:03.028980
562	0	0	1	0:00:03.045394
563	0	0	1	0:00:03.045751
564	0	0	1	0:00:03.048134
565	0	0	1	0:00:03.042544
566	0	0	1	0:00:03.054355
567	0	0	1	0:00:03.043435
568	0	0	1	0:00:03.060140
569	0	0	1	0:00:03.037316
570	0	0	1	0:00:03.058192
571	0	0	1	0:00:03.046062
572	0	0	1	0:00:03.050747
573	2	2	1	0:00:03.042929
574	2	2	1	0:00:03.061328
575	2	2	1	0:00:03.029202
576	2	2	1	0:00:03.052765
577	2	2	1	0:00:03.039320
578	2	2	1	0:00:03.050963
579	2	2	1	0:00:03.041973
580	2	2	1	0:00:03.049783
581	2	2	1	0:00:03.050478
582	2	2	1	0:00:03.041028
583	2	2	1	0:00:03.069232
584	2	2	1	0:00:03.067503
585	2	2	1	0:00:03.052804
586	2	2	1	0:00:03.045660
587	2	2	1	0:00:03.038154
588	2	2	1	0:00:03.063729
589	2	2	1	0:00:03.052970
590	2	2	1	0:00:03.045791
591	2	2	1	0:00:03.046790
592	2	2	1	0:00:03.067484
593	2	2	1	0:00:03.049350
594	2	2	1	0:00:03.037790
595	1	1	1	0:00:03.047076
596	1	1	1	0:00:03.054599
597	1	1	1	0:00:03.051250
598	1	1	1	0:00:03.053653
599	1	1	1	0:00:03.046789
600	1	1	1	0:00:03.050786
601	1	1	1	0:00:03.050399
602	1	0	0	0:00:03.035607
603	1	1	1	0:00:03.067425
604	1	1	1	0:00:03.047100
605	1	1	1	0:00:03.062158
606	1	1	1	0:00:03.049460
607	1	1	1	0:00:03.057376
608	1	1	1	0:00:03.038932
609	1	1	1	0:00:03.054241
610	1	1	1	0:00:03.039412
611	1	1	1	0:00:03.050253
612	1	1	1	0:00:03.043628
613	1	1	1	0:00:03.056299
614	1	1	1	0:00:03.044766
615	1	1	1	0:00:02.791214
616	1	1	1	0:00:01.412294
617	1	1	1	0:00:01.407294
618	1	1	1	0:00:01.406228
619	4	4	1	0:00:01.398609
620	4	3	0	0:00:01.400446
621	4	3	0	0:00:01.401354
622	4	3	0	0:00:01.398472
623	4	3	0	0:00:02.570657
624	4	3	0	0:00:02.920513
625	4	3	0	0:00:02.962831
626	4	3	0	0:00:02.970047
627	4	3	0	0:00:02.923940
628	4	3	0	0:00:02.987904
629	4	4	1	0:00:03.001083
630	4	3	0	0:00:02.964417
631	4	3	0	0:00:03.017736
632	4	3	0	0:00:03.008007
633	4	3	0	0:00:03.021585
634	4	3	0	0:00:02.993189
635	4	3	0	0:00:03.022053
636	4	4	1	0:00:03.028987
637	4	4	1	0:00:02.980106
638	4	4	1	0:00:03.043659
639	4	4	1	0:00:03.060395
640	4	4	1	0:00:03.041013
641	3	3	1	0:00:02.989277
642	3	3	1	0:00:03.021871
643	3	4	0	0:00:03.019696
644	3	3	1	0:00:02.970214
645	3	3	1	0:00:03.020234
646	3	3	1	0:00:03.012740
647	3	3	1	0:00:03.029432
648	3	3	1	0:00:02.970962
649	3	3	1	0:00:03.027645
650	3	3	1	0:00:03.022932
651	3	3	1	0:00:02.978749
652	3	3	1	0:00:03.020088
653	3	3	1	0:00:03.024030
654	3	3	1	0:00:02.972529
655	3	3	1	0:00:03.019310
656	3	3	1	0:00:03.023506
657	3	3	1	0:00:03.023541
658	3	3	1	0:00:02.974052
659	3	3	1	0:00:02.997774
660	3	3	1	0:00:03.022118
661	3	3	1	0:00:02.964864
662	3	3	1	0:00:03.013439
663	3	3	1	0:00:03.014939
664	3	3	1	0:00:03.014245
665	3	3	1	0:00:02.975032
666	5	5	1	0:00:03.020590
667	5	5	1	0:00:03.018958
668	5	5	1	0:00:02.974123
669	5	5	1	0:00:03.013854
670	5	5	1	0:00:03.023274
671	5	5	1	0:00:02.976117
672	5	5	1	0:00:03.018512
673	5	5	1	0:00:03.016284
674	5	5	1	0:00:02.987547
675	5	5	1	0:00:02.985774
676	5	5	1	0:00:03.024969
677	5	5	1	0:00:03.002605
678	5	5	1	0:00:02.949932
679	5	5	1	0:00:03.009725
680	5	5	1	0:00:03.010580
681	5	5	1	0:00:02.944755
682	5	5	1	0:00:03.012728
683	5	5	1	0:00:03.041751
684	5	5	1	0:00:03.027830
685	5	5	1	0:00:03.016973
686	5	5	1	0:00:03.025231
687	5	5	1	0:00:03.001604
688	5	5	1	0:00:02.980528
689	5	5	1	0:00:03.031153
690	0	0	1	0:00:03.021281
691	0	0	1	0:00:02.952480
692	0	0	1	0:00:03.018935
693	0	0	1	0:00:03.005794
694	0	0	1	0:00:02.964583
695	0	0	1	0:00:03.012704
696	0	0	1	0:00:03.015410
697	0	0	1	0:00:02.953647
698	0	0	1	0:00:03.017102
699	0	0	1	0:00:03.010176
700	0	0	1	0:00:03.011211
701	0	0	1	0:00:02.960865
702	0	0	1	0:00:03.008928
703	0	0	1	0:00:03.002045
704	0	0	1	0:00:02.958494
705	0	0	1	0:00:03.019437
706	0	0	1	0:00:03.006934
707	0	0	1	0:00:02.971764
708	0	0	1	0:00:03.015913
709	0	0	1	0:00:03.008470
710	0	0	1	0:00:02.963393
711	0	0	1	0:00:03.009902
712	0	0	1	0:00:02.993514
713	0	0	1	0:00:02.963685
714	0	0	1	0:00:02.997227
715	0	0	1	0:00:03.009881
716	2	2	1	0:00:03.005243
717	2	2	1	0:00:02.967133
718	2	2	1	0:00:03.006419
719	2	2	1	0:00:03.006426
720	2	2	1	0:00:02.965181
721	2	2	1	0:00:03.009449
722	2	2	1	0:00:03.013778
723	1	0	0	0:00:02.976672
724	1	1	1	0:00:03.007239
725	1	0	0	0:00:03.002163
726	1	0	0	0:00:02.963226
727	1	1	1	0:00:03.007789
728	1	1	1	0:00:03.013355
729	1	1	1	0:00:02.972327
730	1	1	1	0:00:03.007836
731	1	1	1	0:00:03.013067
732	1	2	0	0:00:02.960332
733	2	2	1	0:00:02.985492
734	2	2	1	0:00:02.990854
735	2	2	1	0:00:02.999164
736	2	2	1	0:00:02.952299
737	2	2	1	0:00:03.000957
738	2	2	1	0:00:03.005501
739	1	1	1	0:00:02.958635
740	1	1	1	0:00:02.996271
741	1	1	1	0:00:02.998745
742	1	1	1	0:00:02.957979
743	1	1	1	0:00:03.006418
744	1	1	1	0:00:03.005405
745	1	1	1	0:00:02.974087
746	1	1	1	0:00:02.989204
747	2	2	1	0:00:03.025604
748	2	2	1	0:00:03.003250
749	2	2	1	0:00:02.966907
750	2	2	1	0:00:03.002757
751	2	2	1	0:00:03.006731
752	2	2	1	0:00:02.937502
753	2	2	1	0:00:03.016403
754	2	2	1	0:00:03.021336
755	1	2	0	0:00:02.960984
756	1	1	1	0:00:03.005930
757	1	1	1	0:00:03.021492
758	1	1	1	0:00:02.966357
759	1	0	0	0:00:03.025182
760	1	1	1	0:00:03.014490
761	1	1	1	0:00:02.986221
762	1	1	1	0:00:03.018780
763	4	3	0	0:00:03.032300
764	4	3	0	0:00:02.960658
765	4	3	0	0:00:03.020627
766	4	3	0	0:00:03.003736
767	4	3	0	0:00:02.947502
768	4	3	0	0:00:03.016885
769	4	3	0	0:00:02.983394
770	4	3	0	0:00:02.958124
771	4	3	0	0:00:02.991774
772	4	3	0	0:00:03.002016
773	4	3	0	0:00:03.003533
774	4	3	0	0:00:02.959791
775	4	3	0	0:00:03.002282
776	4	3	0	0:00:02.999431
777	4	3	0	0:00:02.960874
778	4	3	0	0:00:03.001093
779	4	4	1	0:00:03.008760
780	4	3	0	0:00:02.942045
781	4	3	0	0:00:02.992001
782	4	3	0	0:00:02.993730
783	4	3	0	0:00:02.938584
784	4	3	0	0:00:02.979811
785	4	3	0	0:00:03.005011
786	3	4	0	0:00:02.999342
787	3	4	0	0:00:02.941817
788	3	4	0	0:00:02.999940
789	3	4	0	0:00:02.997589
790	3	4	0	0:00:02.953357
791	3	1	0	0:00:03.001633
792	3	1	0	0:00:03.002837
793	3	3	1	0:00:02.959215
794	3	4	0	0:00:03.001667
795	3	4	0	0:00:03.006755
796	3	4	0	0:00:02.954014
797	3	4	0	0:00:03.012117
798	3	3	1	0:00:03.000800
799	3	3	1	0:00:02.980184
800	3	3	1	0:00:02.971804
801	3	3	1	0:00:02.996471
802	3	3	1	0:00:03.000398
803	3	3	1	0:00:02.965578
804	3	3	1	0:00:03.011780
805	3	3	1	0:00:03.007689
806	3	3	1	0:00:02.937681
807	3	3	1	0:00:03.000212
808	3	3	1	0:00:02.995800
809	3	3	1	0:00:02.950748
810	3	3	1	0:00:02.983989
811	5	5	1	0:00:02.995277
812	5	5	1	0:00:02.951342
813	5	5	1	0:00:02.997386
814	5	5	1	0:00:03.000606
815	5	5	1	0:00:03.002013
816	5	5	1	0:00:02.959335
817	5	5	1	0:00:03.007593
818	5	5	1	0:00:03.035244
819	5	5	1	0:00:02.955087
820	5	5	1	0:00:03.002646
821	5	5	1	0:00:02.987562
822	5	5	1	0:00:02.949032
823	5	5	1	0:00:03.004726
824	5	5	1	0:00:02.998005
825	5	5	1	0:00:02.950595
826	5	5	1	0:00:02.999993
827	5	5	1	0:00:03.002330
828	5	5	1	0:00:02.997028
829	5	5	1	0:00:02.951381
830	5	5	1	0:00:02.998070
831	5	5	1	0:00:03.005892
832	5	5	1	0:00:02.917155
833	5	5	1	0:00:03.000046
834	5	5	1	0:00:02.987891
835	5	5	1	0:00:02.955770
836	5	5	1	0:00:03.010365
837	0	2	0	0:00:03.004425
838	0	0	1	0:00:02.957834
839	0	0	1	0:00:02.975898
840	0	0	1	0:00:03.042005
841	0	0	1	0:00:03.038780
842	0	0	1	0:00:03.045910
843	0	0	1	0:00:03.030185
844	0	0	1	0:00:03.042447
845	0	2	0	0:00:03.044707
846	0	0	1	0:00:03.038290
847	0	0	1	0:00:03.028635
848	0	2	0	0:00:03.027255
849	0	0	1	0:00:03.037857
850	0	2	0	0:00:03.051253
851	0	2	0	0:00:03.028926
852	0	0	1	0:00:03.049471
853	0	0	1	0:00:03.085577
854	0	0	1	0:00:03.061468
855	0	1	0	0:00:03.036566
856	0	0	1	0:00:03.027942
857	0	0	1	0:00:03.050410
858	0	0	1	0:00:03.048096
859	0	0	1	0:00:03.025229
860	0	0	1	0:00:03.038287
861	0	2	0	0:00:03.107350
862	0	0	1	0:00:03.090033
863	2	2	1	0:00:03.051819
864	2	2	1	0:00:03.052577
865	2	2	1	0:00:03.047205
866	2	2	1	0:00:03.041242
867	2	2	1	0:00:03.048298
868	2	2	1	0:00:03.037381
869	2	2	1	0:00:03.048990
870	2	2	1	0:00:03.051034
871	2	2	1	0:00:03.046638
872	2	2	1	0:00:03.042497
873	2	2	1	0:00:03.050445
874	2	2	1	0:00:03.042351
875	2	2	1	0:00:03.051684
876	2	2	1	0:00:03.047560
877	1	5	0	0:00:03.049680
878	1	1	1	0:00:03.048191
879	1	2	0	0:00:03.017251
880	1	0	0	0:00:03.038553
881	1	0	0	0:00:03.046375
882	1	0	0	0:00:03.049249
883	1	0	0	0:00:03.034480
884	1	1	1	0:00:03.062367
885	1	0	0	0:00:03.042521
886	1	1	1	0:00:03.052275
887	1	1	1	0:00:03.047078
888	1	1	1	0:00:03.058367
889	1	0	0	0:00:03.037400
890	1	1	1	0:00:03.042043
891	1	1	1	0:00:03.030842
892	1	1	1	0:00:03.047981
893	1	0	0	0:00:03.036312
894	1	1	1	0:00:03.050229
895	1	1	1	0:00:03.035903
896	1	1	1	0:00:03.046173
897	1	1	1	0:00:03.042904
898	1	1	1	0:00:03.055842
899	1	1	1	0:00:03.035719
900	2	2	1	0:00:03.051100
901	2	2	1	0:00:03.036137
902	2	2	1	0:00:03.048588
903	2	2	1	0:00:03.045067
904	2	2	1	0:00:03.030190
905	2	2	1	0:00:03.022767
906	2	2	1	0:00:03.042264
907	4	4	1	0:00:03.042928
908	4	4	1	0:00:03.021260
909	4	4	1	0:00:03.029206
910	4	4	1	0:00:03.039872
911	4	4	1	0:00:03.048801
912	4	4	1	0:00:03.036257
913	4	4	1	0:00:03.052731
914	4	4	1	0:00:03.048609
915	4	4	1	0:00:03.048098
916	4	4	1	0:00:03.034344
917	4	4	1	0:00:03.051908
918	4	4	1	0:00:03.034797
919	4	4	1	0:00:03.055332
920	4	4	1	0:00:01.730957
921	4	4	1	0:00:01.409885
922	4	4	1	0:00:01.403385
923	4	3	0	0:00:01.400819
924	4	3	0	0:00:01.402963
925	4	3	0	0:00:01.400807
926	4	3	0	0:00:01.401475
927	4	3	0	0:00:01.909778
928	4	4	1	0:00:02.906905
929	4	4	1	0:00:02.951103
930	3	3	1	0:00:02.944906
931	3	3	1	0:00:02.921537
932	3	3	1	0:00:02.996796
933	3	3	1	0:00:02.994070
934	3	3	1	0:00:02.948241
935	3	3	1	0:00:03.015599
936	3	3	1	0:00:03.020135
937	3	3	1	0:00:03.006070
938	3	3	1	0:00:02.985000
939	3	3	1	0:00:03.023114
940	3	3	1	0:00:03.006694
941	3	3	1	0:00:02.983996
942	3	3	1	0:00:03.014841
943	3	3	1	0:00:03.024716
944	3	3	1	0:00:03.001503
945	3	3	1	0:00:03.006569
946	3	3	1	0:00:03.021986
947	3	3	1	0:00:02.985799
948	3	3	1	0:00:02.959710
949	3	3	1	0:00:03.029280
950	3	3	1	0:00:03.032071
951	3	3	1	0:00:03.023077
952	3	3	1	0:00:02.979616
953	3	3	1	0:00:03.026245
954	5	5	1	0:00:03.021121
955	5	5	1	0:00:02.974927
956	5	5	1	0:00:03.024894
957	5	5	1	0:00:03.023772
958	5	5	1	0:00:03.001239
959	5	5	1	0:00:02.990813
960	5	5	1	0:00:03.031717
961	5	5	1	0:00:03.020066
962	5	5	1	0:00:02.971183
963	5	5	1	0:00:03.019514
964	5	5	1	0:00:03.022304
965	5	5	1	0:00:02.967889
966	5	5	1	0:00:03.012258
967	5	5	1	0:00:03.007092
968	5	5	1	0:00:03.007909
969	5	5	1	0:00:02.967243
970	5	5	1	0:00:02.996747
971	5	5	1	0:00:03.007545
972	5	5	1	0:00:02.967133
973	5	5	1	0:00:03.013994
974	5	5	1	0:00:03.016096
975	5	5	1	0:00:02.977711
976	5	5	1	0:00:03.012818
977	5	5	1	0:00:03.018622
978	5	5	1	0:00:03.002644
979	5	5	1	0:00:02.946715
980	5	5	1	0:00:03.063334
981	5	5	1	0:00:02.995190
982	5	5	1	0:00:02.969121
983	5	5	1	0:00:03.021729
984	5	5	1	0:00:03.012827
985	0	0	1	0:00:02.964121
986	0	0	1	0:00:03.021392
987	0	0	1	0:00:03.017845
988	0	0	1	0:00:02.975452
989	0	0	1	0:00:03.027864
990	0	0	1	0:00:03.024715
991	0	0	1	0:00:02.987501
992	0	0	1	0:00:03.008547
993	0	0	1	0:00:03.010692
994	0	2	0	0:00:03.010282
995	0	0	1	0:00:02.965667
996	0	0	1	0:00:03.011770
997	0	0	1	0:00:03.005099
998	0	0	1	0:00:02.961526
999	0	0	1	0:00:03.023655
1000	0	0	1	0:00:03.017920
1001	0	0	1	0:00:02.970628
1002	0	0	1	0:00:03.024012
1003	0	0	1	0:00:03.045873
1004	0	0	1	0:00:02.968108
1005	0	0	1	0:00:03.023498
1006	0	0	1	0:00:03.019028
1007	0	0	1	0:00:02.969743
1008	0	0	1	0:00:03.037412
1009	0	0	1	0:00:03.015763
1010	0	0	1	0:00:02.972915
1011	0	0	1	0:00:03.031500
1012	2	2	1	0:00:03.015959
1013	2	2	1	0:00:02.984763
1014	2	2	1	0:00:02.997057
1015	2	2	1	0:00:03.010079
1016	2	2	1	0:00:03.021975
1017	2	2	1	0:00:02.966125
1018	2	2	1	0:00:03.004257
1019	2	2	1	0:00:03.011246
1020	2	2	1	0:00:02.945543
1021	2	2	1	0:00:03.010893
1022	2	2	1	0:00:03.020167
1023	2	2	1	0:00:02.994259
1024	2	2	1	0:00:03.008268
1025	2	2	1	0:00:03.003657
1026	2	2	1	0:00:02.955897
1027	2	2	1	0:00:03.009823
1028	2	2	1	0:00:03.000384
1029	2	2	1	0:00:02.970997
1030	2	2	1	0:00:03.012164
1031	1	1	1	0:00:03.012573
1032	1	1	1	0:00:02.997816
1033	1	1	1	0:00:02.975810
1034	1	2	0	0:00:02.995169
1035	1	0	0	0:00:02.999187
1036	1	1	1	0:00:02.941985
1037	1	1	1	0:00:03.078236
1038	1	1	1	0:00:03.010478
1039	1	1	1	0:00:02.957931
1040	1	1	1	0:00:03.009092
1041	1	1	1	0:00:03.003175
1042	1	1	1	0:00:02.977952
1043	1	1	1	0:00:03.010550
1044	1	1	1	0:00:03.006274
1045	1	1	1	0:00:02.961924
1046	1	1	1	0:00:02.999098
1047	1	1	1	0:00:03.008152
1048	1	1	1	0:00:02.955132
1049	1	1	1	0:00:03.009744
1050	1	1	1	0:00:03.016691
1051	1	1	1	0:00:02.986091
1052	1	1	1	0:00:03.006814
1053	1	2	0	0:00:03.004526
1054	4	3	0	0:00:02.989559
1055	4	3	0	0:00:02.982139
1056	4	3	0	0:00:03.009576
1057	4	3	0	0:00:03.008926
1058	4	3	0	0:00:02.973580
1059	4	3	0	0:00:03.007942
1060	4	3	0	0:00:03.006068
1061	4	3	0	0:00:02.955967
1062	4	3	0	0:00:03.013415
1063	4	3	0	0:00:03.024405
1064	4	3	0	0:00:02.977741
1065	4	3	0	0:00:03.022029
1066	4	3	0	0:00:03.019924
1067	4	3	0	0:00:02.950123
1068	4	3	0	0:00:03.004775
1069	4	3	0	0:00:03.003078
1070	4	3	0	0:00:02.962426
1071	4	3	0	0:00:03.012162
1072	4	3	0	0:00:03.008826
1073	4	3	0	0:00:02.938976
1074	4	3	0	0:00:03.009161
1075	3	4	0	0:00:03.010569
1076	3	4	0	0:00:02.972778
1077	3	4	0	0:00:03.012658
1078	3	4	0	0:00:03.001904
1079	3	4	0	0:00:02.995433
1080	3	4	0	0:00:02.988518
1081	3	4	0	0:00:03.006205
1082	3	4	0	0:00:03.008041
1083	3	4	0	0:00:02.923249
1084	3	4	0	0:00:03.002915
1085	3	4	0	0:00:02.998287
1086	3	4	0	0:00:02.944357
1087	3	4	0	0:00:03.006012
1088	3	4	0	0:00:03.002434
1089	3	4	0	0:00:02.957074
1090	3	4	0	0:00:03.002517
1091	3	4	0	0:00:03.033425
1092	3	3	1	0:00:02.990995
1093	3	4	0	0:00:03.022045
1094	3	4	0	0:00:03.045518
1095	3	4	0	0:00:02.988151
1096	3	4	0	0:00:03.006233
1097	3	4	0	0:00:03.022819
1098	3	4	0	0:00:03.016042
1099	3	4	0	0:00:03.002162
1100	3	4	0	0:00:03.038258
1101	3	4	0	0:00:03.013248
1102	3	4	0	0:00:02.977283
1103	3	4	0	0:00:03.034848
1104	3	4	0	0:00:03.035595
1105	5	5	1	0:00:03.065609
1106	5	5	1	0:00:02.997589
1107	5	5	1	0:00:02.994094
1108	5	5	1	0:00:02.974931
1109	5	5	1	0:00:03.025095
1110	5	5	1	0:00:03.012290
1111	5	5	1	0:00:02.961410
1112	5	5	1	0:00:03.037202
1113	5	5	1	0:00:03.058879
1114	5	5	1	0:00:03.022039
1115	5	5	1	0:00:03.028193
1116	5	5	1	0:00:02.999510
1117	5	5	1	0:00:03.082757
1118	5	5	1	0:00:03.039759
1119	5	5	1	0:00:03.004155
1120	5	5	1	0:00:03.031581
1121	5	5	1	0:00:03.028961
1122	5	5	1	0:00:02.984999
1123	5	5	1	0:00:03.026643
1124	5	5	1	0:00:03.025923
1125	5	5	1	0:00:02.999022
1126	5	5	1	0:00:03.011163
1127	5	5	1	0:00:03.002219
1128	5	5	1	0:00:02.971986
1129	5	5	1	0:00:03.033591
1130	5	5	1	0:00:03.022920
1131	5	5	1	0:00:02.985643
1132	0	2	0	0:00:03.024516
1133	0	2	0	0:00:03.040153
1134	0	2	0	0:00:02.969045
1135	0	0	1	0:00:03.005118
1136	0	2	0	0:00:03.029430
1137	0	2	0	0:00:02.988815
1138	0	2	0	0:00:03.039311
1139	0	2	0	0:00:03.020842
1140	0	2	0	0:00:03.018797
1141	0	2	0	0:00:03.029604
1142	0	2	0	0:00:03.075033
1143	0	0	1	0:00:02.997715
1144	0	2	0	0:00:03.053593
1145	0	2	0	0:00:03.040113
1146	0	2	0	0:00:03.051754
1147	0	2	0	0:00:03.058338
1148	0	2	0	0:00:03.045084
1149	0	2	0	0:00:03.058349
1150	0	2	0	0:00:03.050089
1151	0	2	0	0:00:03.082420
1152	0	2	0	0:00:03.072650
1153	0	2	0	0:00:03.019395
1154	0	2	0	0:00:03.054708
1155	0	2	0	0:00:03.036562
1156	0	2	0	0:00:03.084927
1157	0	2	0	0:00:03.020029
1158	2	2	1	0:00:03.041386
1159	2	2	1	0:00:03.067390
1160	2	2	1	0:00:03.047971
1161	2	2	1	0:00:03.027920
1162	2	2	1	0:00:03.048820
1163	2	2	1	0:00:03.036030
1164	2	2	1	0:00:03.053085
1165	2	2	1	0:00:03.056134
1166	2	2	1	0:00:03.069063
1167	2	2	1	0:00:03.115542
1168	2	2	1	0:00:03.066801
1169	2	2	1	0:00:03.082675
1170	2	2	1	0:00:03.065078
1171	2	2	1	0:00:03.053952
1172	2	2	1	0:00:03.113720
1173	2	2	1	0:00:03.024225
1174	2	2	1	0:00:03.035739
1175	2	2	1	0:00:03.073361
1176	2	2	1	0:00:03.061779
1177	1	2	0	0:00:03.057094
1178	1	2	0	0:00:03.086863
1179	1	1	1	0:00:03.051219
1180	1	2	0	0:00:03.069165
1181	1	2	0	0:00:03.036585
1182	1	2	0	0:00:03.042383
1183	1	2	0	0:00:03.025711
1184	1	2	0	0:00:03.029425
1185	1	2	0	0:00:03.032496
1186	1	2	0	0:00:03.050278
1187	1	1	1	0:00:03.038616
1188	1	2	0	0:00:03.059415
1189	1	2	0	0:00:03.104105
1190	1	2	0	0:00:03.067425
1191	1	2	0	0:00:03.041568
1192	1	2	0	0:00:03.105456
1193	1	2	0	0:00:03.055192
1194	1	2	0	0:00:03.059408
1195	1	2	0	0:00:03.085304
1196	1	2	0	0:00:03.053505
1197	1	2	0	0:00:03.049096
1198	1	2	0	0:00:03.058258
1199	1	2	0	0:00:03.048293
1200	1	0	0	0:00:03.096205
1201	4	4	1	0:00:03.042687
1202	4	4	1	0:00:03.078834
1203	4	4	1	0:00:03.097368
1204	4	4	1	0:00:03.154268
1205	4	4	1	0:00:04.064744
1206	4	4	1	0:00:05.277158
1207	4	4	1	0:00:05.283172
1208	4	4	1	0:00:05.284482
1209	4	4	1	0:00:05.286557
1210	4	4	1	0:00:05.284845
1211	4	4	1	0:00:05.275930
1212	4	4	1	0:00:05.292418
1213	4	4	1	0:00:05.294848
1214	4	4	1	0:00:05.283577
1215	4	4	1	0:00:05.280590
1216	4	4	1	0:00:04.106946
1217	4	4	1	0:00:03.937284
1218	4	4	1	0:00:03.908982
1219	4	4	1	0:00:03.905995
1220	4	4	1	0:00:04.021122
1221	4	4	1	0:00:04.071806
1222	4	4	1	0:00:03.902677
1223	4	4	1	0:00:03.520679
1224	4	4	1	0:00:01.682786
1225	4	4	1	0:00:01.530086
1226	4	4	1	0:00:01.482892
1227	4	4	1	0:00:01.524868
1228	3	3	1	0:00:01.535859
1229	3	3	1	0:00:01.511026
1230	3	3	1	0:00:01.526880
1231	3	3	1	0:00:02.969086
1232	3	3	1	0:00:02.990021
1233	3	3	1	0:00:02.941401
1234	3	3	1	0:00:02.983907
1235	3	3	1	0:00:03.053640
1236	3	3	1	0:00:02.931450
1237	3	3	1	0:00:03.013210
1238	3	3	1	0:00:03.021714
1239	3	3	1	0:00:02.995171
1240	3	3	1	0:00:03.074808
1241	3	3	1	0:00:03.034945
1242	3	4	0	0:00:02.997274
1243	3	3	1	0:00:03.084560
1244	3	4	0	0:00:03.067341
1245	3	4	0	0:00:02.990804
1246	3	3	1	0:00:03.023203
1247	3	3	1	0:00:03.039513
1248	3	4	0	0:00:03.012404
1249	3	4	0	0:00:03.025079
1250	3	4	0	0:00:03.037530
1251	3	4	0	0:00:03.071424
1252	3	3	1	0:00:02.990046
1253	3	4	0	0:00:03.066259
1254	3	3	1	0:00:03.062598
1255	3	3	1	0:00:03.004263
1256	5	5	1	0:00:03.083947
1257	5	5	1	0:00:03.028897
1258	5	5	1	0:00:03.021575
1259	5	5	1	0:00:03.087795
1260	5	5	1	0:00:03.080419
1261	5	5	1	0:00:02.998118
1262	5	5	1	0:00:03.065649
1263	5	5	1	0:00:03.110945
1264	5	5	1	0:00:03.010712
1265	5	5	1	0:00:03.030719
1266	5	5	1	0:00:03.030142
1267	5	5	1	0:00:02.971364
1268	5	5	1	0:00:03.058342
1269	5	5	1	0:00:03.042353
1270	5	5	1	0:00:02.983127
1271	5	5	1	0:00:03.007623
1272	5	5	1	0:00:03.023250
1273	5	5	1	0:00:02.993198
1274	5	5	1	0:00:03.008258
1275	5	5	1	0:00:03.007205
1276	5	5	1	0:00:03.022249
1277	5	5	1	0:00:02.991869
1278	5	5	1	0:00:03.030865
1279	5	5	1	0:00:03.012395
1280	5	5	1	0:00:02.972987
1281	5	5	1	0:00:03.013371
1282	5	5	1	0:00:03.029897
1283	0	2	0	0:00:02.966212
1284	0	0	1	0:00:03.011233
1285	0	0	1	0:00:03.015799
1286	0	0	1	0:00:02.987148
1287	0	0	1	0:00:02.990633
1288	0	0	1	0:00:03.016225
1289	0	0	1	0:00:03.007196
1290	0	0	1	0:00:03.000685
1291	0	0	1	0:00:03.049357
1292	0	0	1	0:00:03.029136
1293	0	0	1	0:00:02.979320
1294	0	0	1	0:00:03.030958
1295	0	0	1	0:00:03.021029
1296	0	0	1	0:00:02.969774
1297	0	1	0	0:00:02.999239
1298	0	0	1	0:00:03.023784
1299	0	0	1	0:00:02.968586
1300	0	0	1	0:00:03.017095
1301	0	0	1	0:00:03.014782
1302	0	0	1	0:00:02.945931
1303	0	0	1	0:00:03.013110
1304	0	0	1	0:00:03.012707
1305	0	0	1	0:00:03.044199
1306	0	0	1	0:00:03.020234
1307	0	0	1	0:00:03.012396
1308	0	0	1	0:00:03.023046
1309	0	0	1	0:00:03.009988
1310	2	2	1	0:00:03.040373
1311	2	2	1	0:00:03.096632
1312	2	2	1	0:00:03.017247
1313	2	2	1	0:00:03.023546
1314	2	2	1	0:00:02.966816
1315	2	2	1	0:00:03.009177
1316	2	2	1	0:00:03.023468
1317	2	2	1	0:00:03.004347
1318	2	1	0	0:00:02.986658
1319	2	2	1	0:00:03.014527
1320	2	2	1	0:00:03.007743
1321	2	2	1	0:00:03.008487
1322	2	2	1	0:00:03.035191
1323	2	2	1	0:00:03.028548
1324	2	2	1	0:00:02.957323
1325	2	2	1	0:00:03.007160
1326	2	2	1	0:00:03.011150
1327	2	2	1	0:00:02.957511
1328	2	2	1	0:00:03.021304
1329	2	2	1	0:00:03.009955
1330	2	2	1	0:00:02.965490
1331	2	2	1	0:00:03.017188
1332	2	2	1	0:00:03.008956
1333	2	2	1	0:00:02.960445
1334	2	2	1	0:00:03.013207
1335	1	1	1	0:00:03.046150
1336	1	1	1	0:00:02.992603
1337	1	1	1	0:00:03.021371
1338	1	1	1	0:00:03.011094
1339	1	0	0	0:00:02.958859
1340	1	1	1	0:00:03.010759
1341	1	1	1	0:00:03.016091
1342	1	1	1	0:00:03.007565
1343	1	1	1	0:00:02.960523
1344	1	1	1	0:00:03.009479
1345	1	1	1	0:00:03.010287
1346	1	0	0	0:00:02.956038
1347	1	0	0	0:00:03.005328
1348	1	0	0	0:00:03.002087
1349	1	1	1	0:00:02.963684
1350	1	1	1	0:00:03.029884
1351	1	1	1	0:00:03.008470
1352	1	1	1	0:00:02.954012
1353	1	1	1	0:00:03.018364
1354	1	0	0	0:00:03.070649
1355	1	1	1	0:00:03.063689
1356	1	1	1	0:00:03.007942
1357	1	0	0	0:00:03.005253
1358	1	1	1	0:00:02.976137
1359	1	1	1	0:00:02.998403
1360	1	1	1	0:00:03.007117
1361	1	1	1	0:00:02.962431
1362	4	0	0	0:00:02.998119
1363	4	0	0	0:00:03.016088
1364	4	4	1	0:00:02.971687
1365	4	4	1	0:00:03.032614
1366	4	4	1	0:00:03.033018
1367	4	4	1	0:00:03.001403
1368	4	4	1	0:00:03.034491
1369	4	4	1	0:00:03.017355
1370	4	4	1	0:00:03.037499
1371	4	4	1	0:00:03.082423
1372	4	4	1	0:00:03.015813
1373	4	4	1	0:00:02.960380
1374	4	4	1	0:00:03.014759
1375	4	4	1	0:00:02.999931
1376	4	4	1	0:00:02.957055
1377	4	4	1	0:00:03.006869
1378	4	4	1	0:00:03.002990
1379	4	4	1	0:00:02.959153
1380	4	4	1	0:00:02.977154
1381	4	4	1	0:00:03.004858
1382	4	4	1	0:00:02.995737
1383	4	4	1	0:00:02.958745
1384	4	4	1	0:00:03.006803
1385	4	4	1	0:00:03.079134
1386	4	4	1	0:00:03.044755
1387	4	4	1	0:00:03.014416
1388	4	4	1	0:00:03.006190
1389	4	4	1	0:00:02.947975
1390	4	4	1	0:00:03.003982
1391	4	4	1	0:00:03.010047
1392	4	4	1	0:00:02.965817
1393	4	4	1	0:00:03.009243
1394	4	4	1	0:00:02.997588
1395	4	4	1	0:00:02.945249
1396	3	3	1	0:00:03.014270
1397	3	3	1	0:00:02.991150
1398	3	3	1	0:00:02.973999
1399	3	3	1	0:00:02.991907
1400	3	3	1	0:00:03.022270
1401	3	3	1	0:00:02.975026
1402	3	3	1	0:00:02.955956
1403	3	3	1	0:00:03.014310
1404	3	3	1	0:00:03.002322
1405	3	3	1	0:00:02.941044
1406	3	3	1	0:00:02.996305
1407	3	3	1	0:00:02.999733
1408	3	3	1	0:00:02.963367
1409	3	3	1	0:00:03.004458
1410	3	3	1	0:00:02.997999
1411	3	3	1	0:00:02.971946
1412	3	3	1	0:00:02.984396
1413	3	3	1	0:00:02.986047
1414	3	3	1	0:00:03.007269
1415	3	3	1	0:00:02.951724
1416	3	3	1	0:00:03.006856
1417	3	3	1	0:00:03.018487
1418	3	3	1	0:00:02.955743
1419	5	5	1	0:00:02.999560
1420	5	5	1	0:00:03.006867
1421	5	5	1	0:00:03.005843
1422	5	5	1	0:00:03.004306
1423	5	5	1	0:00:03.002326
1424	5	5	1	0:00:02.964009
1425	5	5	1	0:00:03.002156
1426	5	5	1	0:00:03.011125
1427	5	5	1	0:00:02.965232
1428	5	5	1	0:00:03.007981
1429	5	5	1	0:00:03.012193
1430	5	5	1	0:00:02.977146
1431	5	5	1	0:00:02.936739
1432	5	5	1	0:00:02.977328
1433	5	5	1	0:00:03.000424
1434	5	5	1	0:00:02.982848
1435	5	5	1	0:00:03.013279
1436	5	5	1	0:00:03.003787
1437	5	5	1	0:00:03.000424
1438	5	5	1	0:00:03.119161
1439	5	5	1	0:00:03.002300
1440	5	5	1	0:00:02.960873
1441	5	5	1	0:00:03.010380
1442	5	5	1	0:00:03.004741
1443	5	5	1	0:00:02.957279
1444	5	5	1	0:00:03.047240
1445	5	5	1	0:00:03.011726
1446	5	5	1	0:00:02.937999
1447	5	5	1	0:00:03.055636
1448	5	5	1	0:00:03.038448
1449	5	5	1	0:00:03.055388
1450	5	5	1	0:00:03.039205
1451	5	5	1	0:00:03.060566
1452	0	2	0	0:00:03.044634
1453	0	0	1	0:00:03.054754
1454	0	2	0	0:00:03.046772
1455	0	0	1	0:00:03.069270
1456	0	0	1	0:00:03.034349
1457	0	0	1	0:00:03.057128
1458	0	0	1	0:00:03.036777
1459	0	0	1	0:00:03.043023
1460	0	0	1	0:00:03.029681
1461	0	0	1	0:00:03.045692
1462	0	0	1	0:00:03.033411
1463	0	0	1	0:00:03.046366
1464	0	0	1	0:00:03.116458
1465	0	0	1	0:00:03.048967
1466	0	0	1	0:00:03.065930
1467	0	2	0	0:00:03.075716
1468	0	0	1	0:00:03.051896
1469	0	0	1	0:00:03.051905
1470	0	0	1	0:00:03.064873
1471	0	0	1	0:00:03.054610
1472	0	0	1	0:00:03.031259
1473	0	0	1	0:00:03.042646
1474	0	2	0	0:00:03.043986
1475	2	2	1	0:00:03.055031
1476	2	2	1	0:00:03.040736
1477	2	2	1	0:00:03.043635
1478	2	2	1	0:00:03.079439
1479	2	2	1	0:00:03.097488
1480	2	2	1	0:00:03.055339
1481	2	2	1	0:00:03.034370
1482	2	2	1	0:00:03.044444
1483	2	2	1	0:00:03.056040
1484	2	2	1	0:00:03.037164
1485	2	2	1	0:00:03.046730
1486	2	2	1	0:00:03.032333
1487	2	2	1	0:00:03.059999
1488	2	2	1	0:00:03.042626
1489	2	2	1	0:00:03.102011
1490	2	2	1	0:00:03.088497
1491	2	2	1	0:00:03.078827
1492	2	2	1	0:00:03.104802
1493	2	2	1	0:00:03.197437
1494	2	2	1	0:00:03.057292
1495	2	2	1	0:00:03.053880
1496	1	1	1	0:00:03.065263
1497	1	1	1	0:00:03.043681
1498	1	1	1	0:00:03.052510
1499	1	1	1	0:00:03.067308
1500	1	0	0	0:00:03.055651
1501	1	1	1	0:00:03.256682
1502	1	1	1	0:00:03.444426
1503	1	1	1	0:00:03.065016
1504	1	1	1	0:00:03.044565
1505	1	1	1	0:00:03.057726
1506	1	1	1	0:00:03.044775
1507	1	1	1	0:00:03.057884
1508	1	0	0	0:00:03.191598
1509	1	1	1	0:00:03.247171
1510	1	1	1	0:00:03.045779
1511	1	1	1	0:00:03.048545
1512	1	1	1	0:00:03.051294
1513	1	1	1	0:00:03.061789
1514	1	1	1	0:00:03.051139
1515	1	1	1	0:00:03.068230
1516	1	1	1	0:00:03.055794
1517	1	1	1	0:00:03.050413
1518	1	1	1	0:00:03.042286
1519	1	1	1	0:00:03.058653
1520	1	1	1	0:00:03.053168
1521	4	4	1	0:00:03.052294
1522	4	4	1	0:00:03.045308
1523	4	4	1	0:00:03.056176
1524	4	4	1	0:00:03.046750
1525	4	4	1	0:00:03.056493
1526	4	4	1	0:00:01.746900
1527	4	4	1	0:00:01.425732
1528	4	4	1	0:00:01.418180
1529	4	4	1	0:00:01.418917
1530	4	4	1	0:00:01.462440
1531	4	4	1	0:00:01.494514
1532	4	4	1	0:00:01.512859
1533	4	4	1	0:00:02.516801
1534	4	4	1	0:00:02.929804
1535	4	4	1	0:00:02.968503
1536	4	4	1	0:00:03.005836
1537	4	4	1	0:00:02.942926
1538	4	4	1	0:00:03.001846
1539	4	4	1	0:00:03.016464
1540	4	4	1	0:00:02.979477
1541	4	4	1	0:00:03.025848
1542	4	4	1	0:00:03.030253
1543	4	4	1	0:00:02.984474
1544	4	4	1	0:00:03.013724
1545	4	4	1	0:00:03.023824
1546	4	4	1	0:00:03.013757
1547	4	4	1	0:00:02.970446
1548	3	3	1	0:00:03.034752
1549	3	3	1	0:00:03.043397
1550	3	3	1	0:00:02.984199
1551	3	3	1	0:00:03.026444
1552	3	3	1	0:00:03.038332
1553	3	3	1	0:00:03.068249
1554	3	3	1	0:00:03.079282
1555	3	3	1	0:00:03.120587
1556	3	3	1	0:00:03.115486
1557	3	3	1	0:00:03.055406
1558	3	3	1	0:00:03.117492
1559	3	3	1	0:00:03.045583
1560	3	3	1	0:00:03.049472
1561	3	3	1	0:00:03.082571
1562	3	3	1	0:00:03.023586
1563	3	3	1	0:00:03.064370
1564	3	3	1	0:00:03.107595
1565	3	3	1	0:00:03.079268
1566	3	3	1	0:00:03.059975
1567	3	3	1	0:00:03.087888
1568	3	3	1	0:00:03.074255
1569	3	3	1	0:00:03.176720
1570	3	3	1	0:00:03.069202
1571	3	3	1	0:00:03.107075
1572	5	5	1	0:00:03.075439
1573	5	5	1	0:00:03.099582
1574	5	5	1	0:00:03.075325
1575	5	5	1	0:00:03.067257
1576	5	5	1	0:00:03.079772
1577	5	5	1	0:00:03.121944
1578	5	5	1	0:00:03.033588
1579	5	5	1	0:00:03.100165
1580	5	5	1	0:00:03.205472
1581	5	5	1	0:00:03.060968
1582	5	5	1	0:00:03.038561
1583	5	5	1	0:00:03.076117
1584	5	5	1	0:00:03.096255
1585	5	5	1	0:00:03.115719
1586	5	5	1	0:00:03.044281
1587	5	5	1	0:00:03.082376
1588	5	5	1	0:00:03.102631
1589	5	5	1	0:00:03.038464
1590	5	5	1	0:00:03.083348
1591	5	5	1	0:00:03.048866
1592	5	5	1	0:00:03.084026
1593	5	5	1	0:00:03.048248
1594	5	5	1	0:00:03.089598
1595	5	5	1	0:00:03.059124
1596	5	5	1	0:00:03.117325
1597	5	5	1	0:00:03.036465
1598	5	5	1	0:00:03.103439
1599	5	5	1	0:00:03.053210
1600	5	5	1	0:00:03.074984
1601	5	5	1	0:00:03.128160
1602	5	5	1	0:00:03.062065
1603	5	5	1	0:00:03.084951
1604	5	5	1	0:00:03.111575
1605	0	0	1	0:00:03.057876
1606	0	0	1	0:00:03.094117
1607	0	0	1	0:00:03.058573
1608	0	0	1	0:00:03.109629
1609	0	0	1	0:00:03.051650
1610	0	0	1	0:00:03.103034
1611	0	0	1	0:00:03.142653
1612	0	0	1	0:00:03.081162
1613	0	0	1	0:00:03.113278
1614	0	0	1	0:00:03.078326
1615	0	0	1	0:00:03.103324
1616	0	0	1	0:00:03.098647
1617	0	0	1	0:00:03.102329
1618	0	0	1	0:00:03.002814
1619	0	0	1	0:00:03.078032
1620	0	0	1	0:00:03.062089
1621	0	0	1	0:00:03.085078
1622	0	0	1	0:00:03.071080
1623	0	0	1	0:00:03.009144
1624	0	0	1	0:00:03.091556
1625	0	0	1	0:00:03.045915
1626	0	0	1	0:00:03.024169
1627	0	0	1	0:00:03.059060
1628	0	0	1	0:00:03.099915
1629	0	0	1	0:00:03.003567
1630	0	0	1	0:00:03.109905
1631	0	0	1	0:00:03.003945
1632	0	0	1	0:00:03.096843
1633	0	0	1	0:00:03.063544
1634	0	0	1	0:00:03.003387
1635	2	0	0	0:00:03.040538
1636	2	1	0	0:00:03.042426
1637	2	2	1	0:00:03.048464
1638	2	2	1	0:00:03.046983
1639	2	2	1	0:00:03.023268
1640	2	2	1	0:00:02.982141
1641	2	2	1	0:00:03.011998
1642	2	2	1	0:00:03.073701
1643	2	2	1	0:00:03.058775
1644	2	1	0	0:00:03.080224
1645	2	0	0	0:00:03.067494
1646	2	2	1	0:00:03.041581
1647	2	2	1	0:00:03.039092
1648	2	2	1	0:00:03.039359
1649	2	2	1	0:00:03.054552
1650	2	2	1	0:00:03.020039
1651	2	1	0	0:00:03.007795
1652	2	2	1	0:00:03.105528
1653	2	2	1	0:00:03.053520
1654	2	2	1	0:00:03.050544
1655	2	2	1	0:00:03.068611
1656	2	2	1	0:00:03.022004
1657	2	2	1	0:00:03.027551
1658	2	2	1	0:00:03.079021
1659	2	2	1	0:00:03.055008
1660	2	2	1	0:00:03.058223
1661	2	2	1	0:00:03.045801
1662	1	1	1	0:00:03.012498
1663	1	1	1	0:00:03.041270
1664	1	1	1	0:00:03.058484
1665	1	1	1	0:00:03.005195
1666	1	1	1	0:00:03.059949
1667	1	1	1	0:00:03.046999
1668	1	1	1	0:00:03.069731
1669	1	1	1	0:00:03.035241
1670	1	1	1	0:00:03.021718
1671	1	1	1	0:00:03.019356
1672	1	1	1	0:00:03.064662
1673	1	1	1	0:00:03.007807
1674	1	1	1	0:00:03.079087
1675	1	1	1	0:00:03.140720
1676	1	1	1	0:00:03.021052
1677	1	1	1	0:00:03.063739
1678	1	1	1	0:00:03.021152
1679	1	1	1	0:00:03.050897
1680	1	1	1	0:00:03.017660
1681	1	1	1	0:00:02.995617
1682	1	1	1	0:00:03.034630
1683	1	1	1	0:00:03.012801
1684	1	1	1	0:00:03.010975
1685	1	1	1	0:00:02.999563
1686	1	1	1	0:00:03.012963
1687	1	1	1	0:00:03.003357
1688	1	1	1	0:00:02.969431
1689	1	1	1	0:00:03.020472
1690	1	1	1	0:00:03.009380
1691	1	1	1	0:00:02.971779
1692	1	1	1	0:00:03.016821
1693	4	4	1	0:00:03.021792
1694	4	4	1	0:00:02.949657
1695	4	4	1	0:00:03.007882
1696	4	4	1	0:00:03.015949
1697	4	4	1	0:00:02.967959
1698	4	4	1	0:00:03.006652
1699	4	4	1	0:00:03.016075
1700	4	4	1	0:00:02.971302
1701	4	4	1	0:00:03.017372
1702	4	4	1	0:00:03.013481
1703	4	4	1	0:00:02.999488
1704	4	4	1	0:00:02.980677
1705	4	4	1	0:00:03.033841
1706	4	4	1	0:00:03.008921
1707	4	4	1	0:00:03.005285
1708	4	4	1	0:00:03.057165
1709	4	4	1	0:00:03.009196
1710	4	4	1	0:00:02.990453
1711	4	4	1	0:00:03.018102
1712	4	4	1	0:00:03.021077
1713	4	4	1	0:00:02.968389
1714	4	4	1	0:00:03.013957
1715	4	4	1	0:00:03.021609
1716	4	4	1	0:00:02.973958
1717	4	4	1	0:00:03.018260
1718	4	4	1	0:00:03.016170
1719	4	4	1	0:00:02.974639
1720	4	4	1	0:00:03.015672
1721	4	4	1	0:00:03.004097
1722	4	4	1	0:00:02.964961
1723	3	3	1	0:00:03.023392
1724	3	3	1	0:00:03.020983
1725	3	3	1	0:00:02.967778
1726	3	3	1	0:00:03.012924
1727	3	3	1	0:00:03.016127
1728	3	3	1	0:00:03.005512
1729	3	3	1	0:00:02.985187
1730	3	3	1	0:00:03.020049
1731	3	3	1	0:00:03.023839
1732	3	3	1	0:00:02.963299
1733	3	3	1	0:00:03.020781
1734	3	3	1	0:00:03.013924
1735	3	3	1	0:00:02.963079
1736	3	3	1	0:00:03.016885
1737	3	3	1	0:00:03.025597
1738	3	3	1	0:00:02.986207
1739	3	3	1	0:00:03.014703
1740	3	3	1	0:00:03.014174
1741	3	3	1	0:00:02.980640
1742	3	3	1	0:00:03.021053
1743	3	3	1	0:00:02.995046
1744	3	3	1	0:00:02.993276
1745	3	3	1	0:00:03.015343
1746	3	3	1	0:00:03.011603
1747	3	3	1	0:00:03.049040
1748	5	5	1	0:00:03.061118
1749	5	5	1	0:00:03.048293
1750	5	5	1	0:00:03.062377
1751	5	5	1	0:00:03.036280
1752	5	5	1	0:00:03.040239
1753	5	5	1	0:00:03.042916
1754	5	5	1	0:00:03.047923
1755	5	5	1	0:00:03.030133
1756	5	5	1	0:00:03.041163
1757	5	5	1	0:00:03.039539
1758	5	5	1	0:00:03.049675
1759	5	5	1	0:00:03.031514
1760	5	5	1	0:00:03.035921
1761	5	5	1	0:00:03.043111
1762	5	5	1	0:00:03.047149
1763	5	5	1	0:00:03.025699
1764	5	5	1	0:00:03.043510
1765	5	5	1	0:00:03.008045
1766	5	5	1	0:00:03.042803
1767	5	5	1	0:00:03.034704
1768	5	5	1	0:00:03.045846
1769	5	5	1	0:00:03.037431
1770	5	5	1	0:00:03.048642
1771	5	5	1	0:00:03.033470
1772	5	5	1	0:00:03.046950
1773	5	5	1	0:00:03.040829
1774	5	5	1	0:00:03.052469
1775	5	5	1	0:00:03.034184
1776	5	5	1	0:00:03.054089
1777	0	1	0	0:00:03.038060
1778	0	0	1	0:00:03.049714
1779	0	0	1	0:00:03.050005
1780	0	0	1	0:00:03.016829
1781	0	1	0	0:00:03.038869
1782	0	0	1	0:00:03.051462
1783	0	0	1	0:00:03.044932
1784	0	0	1	0:00:03.034447
1785	0	0	1	0:00:03.041592
1786	0	0	1	0:00:03.035652
1787	0	0	1	0:00:03.047854
1788	0	0	1	0:00:03.042122
1789	0	0	1	0:00:03.042927
1790	0	0	1	0:00:03.044043
1791	0	1	0	0:00:03.054267
1792	0	0	1	0:00:03.034908
1793	0	0	1	0:00:03.049343
1794	0	0	1	0:00:03.047744
1795	0	0	1	0:00:03.050856
1796	0	0	1	0:00:03.039895
1797	0	0	1	0:00:03.050435
1798	0	0	1	0:00:03.041837
1799	0	0	1	0:00:03.052063
1800	0	0	1	0:00:03.034370
1801	0	0	1	0:00:03.051475
1802	0	1	0	0:00:03.044574
1803	0	1	0	0:00:03.056244
1804	2	2	1	0:00:03.038614
1805	2	2	1	0:00:03.055924
1806	2	2	1	0:00:03.042616
1807	2	2	1	0:00:03.049193
1808	2	2	1	0:00:03.062441
1809	2	2	1	0:00:03.044445
1810	2	2	1	0:00:03.040202
1811	2	2	1	0:00:03.049096
1812	2	2	1	0:00:03.058676
1813	2	2	1	0:00:03.039766
1814	2	2	1	0:00:03.046303
1815	2	2	1	0:00:03.055463
1816	2	2	1	0:00:03.049827
1817	2	2	1	0:00:03.044374
1818	2	2	1	0:00:03.024650
1819	2	2	1	0:00:03.048838
1820	2	2	1	0:00:03.107276
1821	2	2	1	0:00:03.062243
1822	2	0	0	0:00:03.060426
1823	2	2	1	0:00:03.067839
1824	1	1	1	0:00:03.059727
1825	1	1	1	0:00:03.054526
1826	1	1	1	0:00:02.607954
1827	1	1	1	0:00:01.486960
1828	1	1	1	0:00:01.412844
1829	1	1	1	0:00:01.406872
1830	1	1	1	0:00:01.407365
1831	1	1	1	0:00:01.402561
1832	1	1	1	0:00:01.403937
1833	1	1	1	0:00:01.425697
1834	1	1	1	0:00:02.954377
1835	1	1	1	0:00:02.950154
1836	1	1	1	0:00:02.928633
1837	1	1	1	0:00:02.973355
1838	1	1	1	0:00:02.991594
1839	1	1	1	0:00:02.954574
1840	1	1	1	0:00:03.025466
1841	1	1	1	0:00:03.003726
1842	1	1	1	0:00:03.106040
1843	1	1	1	0:00:03.195982
1844	1	1	1	0:00:03.051489
1845	1	1	1	0:00:02.999508
1846	1	1	1	0:00:03.050626
1847	1	1	1	0:00:03.037767
1848	4	4	1	0:00:03.011595
1849	4	4	1	0:00:03.035869
1850	4	4	1	0:00:03.034072
1851	4	4	1	0:00:02.972744
1852	4	4	1	0:00:03.026670
1853	4	4	1	0:00:03.039033
1854	4	4	1	0:00:03.033829
1855	4	4	1	0:00:02.973371
1856	4	4	1	0:00:03.049608
1857	4	4	1	0:00:03.065853
1858	4	4	1	0:00:02.995860
1859	4	4	1	0:00:03.039754
1860	4	4	1	0:00:03.045425
1861	4	4	1	0:00:03.047213
1862	4	4	1	0:00:03.044693
1863	4	4	1	0:00:03.053658
1864	4	4	1	0:00:02.992765
1865	4	4	1	0:00:03.040320
1866	4	4	1	0:00:03.029440
1867	4	4	1	0:00:02.983898
1868	4	4	1	0:00:03.024123
1869	4	4	1	0:00:03.018757
1870	4	4	1	0:00:03.027911
1871	4	4	1	0:00:02.964014
1872	4	4	1	0:00:03.013328
1873	4	4	1	0:00:03.021101
1874	4	4	1	0:00:02.973535
1875	4	4	1	0:00:03.022535
1876	4	4	1	0:00:03.033709
1877	4	4	1	0:00:02.972023
1878	4	4	1	0:00:03.013943
1879	4	4	1	0:00:03.028651
1880	4	4	1	0:00:03.023258
1881	4	4	1	0:00:02.966247
1882	4	4	1	0:00:03.023102
1883	4	4	1	0:00:03.017183
1884	4	4	1	0:00:02.963850
1885	4	4	1	0:00:03.001299
1886	4	4	1	0:00:03.017073
1887	4	4	1	0:00:02.972613
1888	3	3	1	0:00:03.016430
1889	3	3	1	0:00:03.018089
1890	3	3	1	0:00:03.005482
1891	3	3	1	0:00:03.043336
1892	3	3	1	0:00:03.024849
1893	3	3	1	0:00:03.003140
1894	3	3	1	0:00:03.000862
1895	3	3	1	0:00:03.028050
1896	3	3	1	0:00:03.020302
1897	3	3	1	0:00:02.973456
1898	3	3	1	0:00:03.025728
1899	3	3	1	0:00:03.016529
1900	3	3	1	0:00:03.001948
1901	3	3	1	0:00:03.050571
1902	3	3	1	0:00:03.034398
1903	3	3	1	0:00:02.975312
1904	3	3	1	0:00:03.031173
1905	3	3	1	0:00:03.026883
1906	3	3	1	0:00:02.972238
1907	3	3	1	0:00:03.017817
1908	3	3	1	0:00:03.199272
1909	3	3	1	0:00:03.095103
1910	3	3	1	0:00:03.127396
1911	3	3	1	0:00:02.989398
1912	3	3	1	0:00:03.035463
1913	3	3	1	0:00:03.027018
1914	3	3	1	0:00:02.980018
1915	3	3	1	0:00:03.015780
1916	3	3	1	0:00:03.019759
1917	3	3	1	0:00:02.967198
1918	5	5	1	0:00:03.013140
1919	5	5	1	0:00:03.128989
1920	5	5	1	0:00:03.036373
1921	5	5	1	0:00:03.096312
1922	5	5	1	0:00:03.028903
1923	5	5	1	0:00:03.029026
1924	5	5	1	0:00:03.025019
1925	5	5	1	0:00:03.007109
1926	5	5	1	0:00:03.061529
1927	5	5	1	0:00:03.066569
1928	5	5	1	0:00:02.998044
1929	5	5	1	0:00:03.022373
1930	5	5	1	0:00:03.009507
1931	5	5	1	0:00:03.005157
1932	5	5	1	0:00:03.049304
1933	5	5	1	0:00:03.056552
1934	5	5	1	0:00:02.984439
1935	5	5	1	0:00:03.054392
1936	5	5	1	0:00:03.059123
1937	5	5	1	0:00:02.978279
1938	5	5	1	0:00:03.024111
1939	5	5	1	0:00:03.024555
1940	5	5	1	0:00:03.037229
1941	5	5	1	0:00:03.044081
1942	5	5	1	0:00:03.027220
1943	5	5	1	0:00:02.989553
1944	5	5	1	0:00:03.029727
1945	5	5	1	0:00:03.061650
1946	5	5	1	0:00:03.115066
1947	5	5	1	0:00:03.022866
1948	5	5	1	0:00:02.975331
1949	5	5	1	0:00:03.010255
1950	0	0	1	0:00:03.014748
1951	0	0	1	0:00:02.958511
1952	0	0	1	0:00:03.019329
1953	0	0	1	0:00:03.010932
1954	0	0	1	0:00:02.995224
1955	0	0	1	0:00:02.971236
1956	0	1	0	0:00:03.033590
1957	0	0	1	0:00:03.019254
1958	0	0	1	0:00:02.961943
1959	0	0	1	0:00:03.007364
1960	0	0	1	0:00:03.030759
1961	0	0	1	0:00:02.968176
1962	0	0	1	0:00:03.008743
1963	0	0	1	0:00:03.009755
1964	0	1	0	0:00:02.973690
1965	0	0	1	0:00:03.014059
1966	0	0	1	0:00:03.009443
1967	0	0	1	0:00:02.985177
1968	0	0	1	0:00:03.026789
1969	0	0	1	0:00:03.027594
1970	0	0	1	0:00:02.987034
1971	0	0	1	0:00:03.023397
1972	0	0	1	0:00:03.007960
1973	0	0	1	0:00:03.020688
1974	0	0	1	0:00:03.004759
1975	0	0	1	0:00:03.009943
1976	0	0	1	0:00:02.960153
1977	0	0	1	0:00:03.000805
1978	0	0	1	0:00:03.031156
1979	2	0	0	0:00:02.928972
1980	2	1	0	0:00:03.082631
1981	2	2	1	0:00:03.014434
1982	2	2	1	0:00:03.021357
1983	2	2	1	0:00:03.019881
1984	2	1	0	0:00:03.026201
1985	2	2	1	0:00:02.979159
1986	2	2	1	0:00:03.023288
1987	2	2	1	0:00:03.055366
1988	2	2	1	0:00:03.036952
1989	1	1	1	0:00:03.014288
1990	1	1	1	0:00:03.049601
1991	1	1	1	0:00:02.961027
1992	1	1	1	0:00:03.048581
1993	1	1	1	0:00:03.041972
1994	1	1	1	0:00:03.045216
1995	1	1	1	0:00:03.011530
1996	1	1	1	0:00:03.026783
1997	1	1	1	0:00:03.013472
1998	1	1	1	0:00:03.016845
1999	2	2	1	0:00:03.031447
2000	2	2	1	0:00:03.085252
2001	2	2	1	0:00:03.007916
2002	2	2	1	0:00:03.008052
2003	2	2	1	0:00:02.969420
2004	2	2	1	0:00:03.052384
2005	2	2	1	0:00:03.038079
2006	2	2	1	0:00:03.021040
2007	2	1	0	0:00:03.019570
2008	1	1	1	0:00:03.040788
2009	1	1	1	0:00:02.994533
2010	1	1	1	0:00:03.072018
2011	1	1	1	0:00:03.066182
2012	1	1	1	0:00:03.036686
2013	1	1	1	0:00:03.011680
2014	1	1	1	0:00:02.999782
2015	1	1	1	0:00:03.006847
2016	1	1	1	0:00:03.006029
2017	2	2	1	0:00:03.027119
2018	2	2	1	0:00:03.071715
2019	2	2	1	0:00:03.034302
2020	2	2	1	0:00:02.974243
2021	2	2	1	0:00:03.013949
2022	2	2	1	0:00:03.027102
2023	2	2	1	0:00:03.055192
2024	2	2	1	0:00:03.011158
2025	2	1	0	0:00:03.010297
2026	1	1	1	0:00:02.952231
2027	1	1	1	0:00:02.983713
2028	1	1	1	0:00:02.992019
2029	1	1	1	0:00:02.995744
2030	1	1	1	0:00:02.981895
2031	1	1	1	0:00:03.027333
2032	1	1	1	0:00:03.017760
2033	1	1	1	0:00:02.966412
2034	1	1	1	0:00:03.029425
2035	1	1	1	0:00:03.016221
2036	4	4	1	0:00:02.969505
2037	4	4	1	0:00:03.015466
2038	4	4	1	0:00:03.014599
2039	4	4	1	0:00:02.977455
2040	4	4	1	0:00:03.007861
2041	4	4	1	0:00:03.006113
2042	4	4	1	0:00:02.946491
2043	4	4	1	0:00:03.052675
2044	4	4	1	0:00:03.018646
2045	4	4	1	0:00:02.989596
2046	4	4	1	0:00:02.991229
2047	4	4	1	0:00:03.057225
2048	4	4	1	0:00:02.374186
2049	4	4	1	0:00:01.464040
2050	4	4	1	0:00:01.471988
2051	4	4	1	0:00:01.478405
2052	4	4	1	0:00:01.466318
2053	4	4	1	0:00:01.537896
2054	4	4	1	0:00:01.478509
2055	4	4	1	0:00:01.847617
2056	4	4	1	0:00:03.007072
2057	4	4	1	0:00:03.026325
2058	4	4	1	0:00:03.008677
2059	4	4	1	0:00:03.045346
2060	4	4	1	0:00:03.001891
2061	4	4	1	0:00:03.024972
2062	4	4	1	0:00:03.013481
2063	4	4	1	0:00:03.041971
2064	4	4	1	0:00:03.028375
2065	4	4	1	0:00:03.051301
2066	4	4	1	0:00:03.053560
2067	4	4	1	0:00:03.054870
2068	4	4	1	0:00:03.044768
2069	3	3	1	0:00:03.056241
2070	3	3	1	0:00:03.047471
2071	3	3	1	0:00:03.071776
2072	3	3	1	0:00:03.038784
2073	3	3	1	0:00:03.067394
2074	3	3	1	0:00:03.057160
2075	3	3	1	0:00:03.041627
2076	3	3	1	0:00:03.079659
2077	3	3	1	0:00:03.071415
2078	3	3	1	0:00:03.057832
2079	3	3	1	0:00:03.052868
2080	3	3	1	0:00:03.046866
2081	3	3	1	0:00:03.062790
2082	3	3	1	0:00:03.051801
2083	3	3	1	0:00:03.052696
2084	3	3	1	0:00:03.077632
2085	3	3	1	0:00:03.052518
2086	3	3	1	0:00:03.071160
2087	3	3	1	0:00:03.040530
2088	3	3	1	0:00:03.083381
2089	3	3	1	0:00:03.039052
2090	3	3	1	0:00:03.127113
2091	3	3	1	0:00:03.036893
2092	3	3	1	0:00:03.070885
2093	3	3	1	0:00:03.080157
2094	3	3	1	0:00:03.094302
2095	3	3	1	0:00:03.060814
2096	5	5	1	0:00:03.079727
2097	5	5	1	0:00:03.070475
2098	5	5	1	0:00:03.065983
2099	5	5	1	0:00:03.057172
2100	5	5	1	0:00:03.060261
2101	5	5	1	0:00:03.092865
2102	5	5	1	0:00:03.091240
2103	5	5	1	0:00:03.060249
2104	5	5	1	0:00:03.040849
2105	5	5	1	0:00:03.121953
2106	5	5	1	0:00:03.204639
2107	5	5	1	0:00:03.101781
2108	5	5	1	0:00:03.083815
2109	5	5	1	0:00:03.067392
2110	5	5	1	0:00:03.089356
2111	5	5	1	0:00:03.072726
2112	5	5	1	0:00:03.156329
2113	5	5	1	0:00:03.110591
2114	5	5	1	0:00:03.075892
2115	5	5	1	0:00:03.151738
2116	5	5	1	0:00:03.061663
2117	5	5	1	0:00:03.075677
2118	5	5	1	0:00:03.175373
2119	5	5	1	0:00:03.092837
2120	5	5	1	0:00:03.131766
2121	5	5	1	0:00:03.137022
2122	5	5	1	0:00:03.052561
2123	5	5	1	0:00:03.032733
2124	5	5	1	0:00:03.093286
2125	5	5	1	0:00:03.150368
2126	5	5	1	0:00:03.053532
2127	5	5	1	0:00:03.044503
2128	5	5	1	0:00:03.137988
2129	0	0	1	0:00:03.048604
2130	0	0	1	0:00:03.056353
2131	0	0	1	0:00:03.043765
2132	0	0	1	0:00:03.038352
2133	0	0	1	0:00:03.145214
2134	0	0	1	0:00:03.177344
2135	0	0	1	0:00:02.807081
2136	0	0	1	0:00:01.514524
2137	0	0	1	0:00:01.560069
2138	0	0	1	0:00:01.469194
2139	0	0	1	0:00:01.478658
2140	0	0	1	0:00:01.531253
2141	0	0	1	0:00:01.486169
2142	0	0	1	0:00:01.535130
2143	0	1	0	0:00:02.958174
2144	0	0	1	0:00:02.972183
2145	0	0	1	0:00:03.078612
2146	0	0	1	0:00:03.118841
2147	0	0	1	0:00:02.985024
2148	0	0	1	0:00:03.008475
2149	0	0	1	0:00:03.050321
2150	0	0	1	0:00:03.029318
2151	0	0	1	0:00:03.082776
2152	0	0	1	0:00:03.062252
2153	0	0	1	0:00:03.004925
2154	0	0	1	0:00:03.028654
2155	0	0	1	0:00:03.069835
2156	2	2	1	0:00:03.040810
2157	2	2	1	0:00:02.979777
2158	2	2	1	0:00:03.040676
2159	2	2	1	0:00:03.086944
2160	2	2	1	0:00:02.992707
2161	2	2	1	0:00:03.042457
2162	2	2	1	0:00:03.028855
2163	2	1	0	0:00:03.031053
2164	2	2	1	0:00:02.971438
2165	2	1	0	0:00:03.021423
2166	2	0	0	0:00:03.091826
2167	2	2	1	0:00:02.986791
2168	2	2	1	0:00:03.040330
2169	2	0	0	0:00:03.043738
2170	2	1	0	0:00:03.000064
2171	2	1	0	0:00:03.059767
2172	2	2	1	0:00:03.069866
2173	2	0	0	0:00:03.053546
2174	1	1	1	0:00:03.002215
2175	1	1	1	0:00:03.027664
2176	1	1	1	0:00:03.039027
2177	1	1	1	0:00:03.058699
2178	1	1	1	0:00:03.080035
2179	1	1	1	0:00:03.056735
2180	1	1	1	0:00:02.982057
2181	1	1	1	0:00:03.028771
2182	1	1	1	0:00:03.034536
2183	1	1	1	0:00:03.074669
2184	1	1	1	0:00:03.123447
2185	1	1	1	0:00:03.049335
2186	1	1	1	0:00:03.013050
2187	1	1	1	0:00:03.087879
2188	1	1	1	0:00:03.016026
2189	1	1	1	0:00:02.994229
2190	1	1	1	0:00:03.048897
2191	1	1	1	0:00:03.055214
2192	1	1	1	0:00:02.993680
2193	1	1	1	0:00:03.040122
2194	1	1	1	0:00:03.146713
2195	1	1	1	0:00:03.019682
2196	1	1	1	0:00:03.020559
2197	1	1	1	0:00:03.025311
2198	1	1	1	0:00:02.969703
2199	1	1	1	0:00:03.011858
2200	1	1	1	0:00:03.018778
2201	1	1	1	0:00:03.015068
2202	1	1	1	0:00:03.041886
2203	2	2	1	0:00:03.061433
2204	2	2	1	0:00:03.020302
2205	2	2	1	0:00:03.046872
2206	2	2	1	0:00:03.209932
2207	2	2	1	0:00:03.100006
2208	2	2	1	0:00:03.071250
2209	2	2	1	0:00:03.049782
2210	2	2	1	0:00:03.085973
2211	2	2	1	0:00:03.121210
2212	4	4	1	0:00:03.027550
2213	4	4	1	0:00:03.107663
2214	4	4	1	0:00:03.088659
2215	4	4	1	0:00:03.051851
2216	4	4	1	0:00:03.108302
2217	4	4	1	0:00:03.050508
2218	4	4	1	0:00:03.128197
2219	4	4	1	0:00:03.089396
2220	4	4	1	0:00:02.997582
2221	4	4	1	0:00:03.049323
2222	4	4	1	0:00:03.101819
2223	4	4	1	0:00:03.068280
2224	4	4	1	0:00:03.044063
2225	4	4	1	0:00:03.108493
2226	4	4	1	0:00:03.047513
2227	4	4	1	0:00:03.026099
2228	4	4	1	0:00:02.982414
2229	4	4	1	0:00:03.020434
2230	4	4	1	0:00:03.033634
2231	4	4	1	0:00:03.002370
2232	4	4	1	0:00:02.934652
2233	4	4	1	0:00:03.003330
2234	4	4	1	0:00:03.020719
2235	4	4	1	0:00:02.964262
2236	4	4	1	0:00:03.015383
2237	4	4	1	0:00:03.006083
2238	4	4	1	0:00:02.973488
2239	4	4	1	0:00:03.090734
2240	4	4	1	0:00:03.007430
2241	4	4	1	0:00:03.002303
2242	4	4	1	0:00:02.966060
2243	4	4	1	0:00:03.009899
2244	4	4	1	0:00:03.010622
2245	4	4	1	0:00:02.975120
2246	4	4	1	0:00:03.020577
2247	4	4	1	0:00:03.006687
2248	4	4	1	0:00:02.951028
2249	4	4	1	0:00:03.006681
2250	3	3	1	0:00:03.016124
2251	3	3	1	0:00:02.972443
2252	3	3	1	0:00:03.013419
2253	3	3	1	0:00:03.014479
2254	3	3	1	0:00:03.008860
2255	3	3	1	0:00:02.952408
2256	3	3	1	0:00:03.007435
2257	3	3	1	0:00:02.995559
2258	3	3	1	0:00:03.038827
2259	3	3	1	0:00:03.055819
2260	3	3	1	0:00:03.008635
2261	3	3	1	0:00:02.955125
2262	3	3	1	0:00:02.997271
2263	3	3	1	0:00:03.010056
2264	3	3	1	0:00:02.981337
2265	3	3	1	0:00:03.057321
2266	3	3	1	0:00:03.035624
2267	3	3	1	0:00:03.011835
2268	3	3	1	0:00:03.038769
2269	3	3	1	0:00:03.018005
2270	3	3	1	0:00:03.054486
2271	3	3	1	0:00:03.008414
2272	3	3	1	0:00:03.001891
2273	3	3	1	0:00:02.970412
2274	3	3	1	0:00:03.021105
2275	3	3	1	0:00:03.055786
2276	3	3	1	0:00:02.984786
2277	3	4	0	0:00:03.030090
2278	3	4	0	0:00:03.044329
2279	3	4	0	0:00:02.987397
2280	3	3	1	0:00:03.036175
2281	3	3	1	0:00:02.997766
2282	3	3	1	0:00:02.980804
2283	3	3	1	0:00:03.134575
2284	3	3	1	0:00:03.017050
2285	3	3	1	0:00:03.001542
2286	5	5	1	0:00:03.002137
2287	5	5	1	0:00:03.008236
2288	5	5	1	0:00:02.953842
2289	5	5	1	0:00:03.008521
2290	5	5	1	0:00:03.003728
2291	5	5	1	0:00:03.002953
2292	5	5	1	0:00:02.962012
2293	5	5	1	0:00:02.998271
2294	5	5	1	0:00:02.996768
2295	5	5	1	0:00:02.942215
2296	5	5	1	0:00:03.004891
2297	5	5	1	0:00:03.010431
2298	5	5	1	0:00:02.954331
2299	5	5	1	0:00:03.014650
2300	5	5	1	0:00:03.013295
2301	5	5	1	0:00:02.982956
2302	5	5	1	0:00:02.958338
2303	5	5	1	0:00:03.010622
2304	5	5	1	0:00:03.124244
2305	5	5	1	0:00:02.983268
2306	5	5	1	0:00:03.018982
2307	5	5	1	0:00:03.005793
2308	5	5	1	0:00:02.949008
2309	5	5	1	0:00:03.011401
2310	5	5	1	0:00:03.090240
2311	5	5	1	0:00:03.144217
2312	5	5	1	0:00:03.091202
2313	5	5	1	0:00:02.953525
2314	5	5	1	0:00:03.007350
2315	5	5	1	0:00:03.063090
2316	5	5	1	0:00:02.959679
2317	0	0	1	0:00:03.001539
2318	0	0	1	0:00:03.021632
2319	0	0	1	0:00:03.001863
2320	0	0	1	0:00:03.036729
2321	0	0	1	0:00:03.005752
2322	0	0	1	0:00:03.005810
2323	0	0	1	0:00:03.010574
2324	0	0	1	0:00:03.017992
2325	0	0	1	0:00:03.017228
2326	0	0	1	0:00:02.962687
2327	0	0	1	0:00:03.007106
2328	0	1	0	0:00:03.010340
2329	0	0	1	0:00:02.972079
2330	0	0	1	0:00:03.007839
2331	0	0	1	0:00:03.016120
2332	0	0	1	0:00:02.965451
2333	0	0	1	0:00:03.020017
2334	0	0	1	0:00:03.004331
2335	0	0	1	0:00:02.951376
2336	0	0	1	0:00:02.994775
2337	0	0	1	0:00:03.000608
2338	0	0	1	0:00:03.007279
2339	0	0	1	0:00:02.947227
2340	0	0	1	0:00:03.008729
2341	0	0	1	0:00:03.000916
2342	0	0	1	0:00:02.970693
2343	0	1	0	0:00:03.002493
2344	2	2	1	0:00:03.010539
2345	2	2	1	0:00:02.953588
2346	2	2	1	0:00:02.999291
2347	2	2	1	0:00:03.014042
2348	2	2	1	0:00:02.964313
2349	2	2	1	0:00:03.006446
2350	2	2	1	0:00:03.016111
2351	2	2	1	0:00:03.004648
2352	2	2	1	0:00:02.953385
2353	2	2	1	0:00:03.010610
2354	2	2	1	0:00:03.001279
2355	2	2	1	0:00:02.927237
2356	2	2	1	0:00:03.001982
2357	2	2	1	0:00:03.005453
2358	2	2	1	0:00:02.983055
2359	2	2	1	0:00:03.052762
2360	2	2	1	0:00:03.051908
2361	2	2	1	0:00:03.056704
2362	2	2	1	0:00:03.039249
2363	2	2	1	0:00:03.078725
2364	2	2	1	0:00:03.117150
2365	2	0	0	0:00:03.065934
2366	1	1	1	0:00:03.040582
2367	1	1	1	0:00:03.071774
2368	1	1	1	0:00:03.065606
2369	1	1	1	0:00:03.102373
2370	1	1	1	0:00:03.131641
2371	1	1	1	0:00:03.028153
2372	1	1	1	0:00:03.092080
2373	1	1	1	0:00:03.082949
2374	1	1	1	0:00:03.075220
2375	1	1	1	0:00:03.051334
2376	1	1	1	0:00:03.059371
2377	1	1	1	0:00:03.042490
2378	1	1	1	0:00:03.047433
2379	1	1	1	0:00:03.036334
2380	1	1	1	0:00:03.048340
2381	1	1	1	0:00:03.032050
2382	1	1	1	0:00:03.047863
2383	1	1	1	0:00:03.036677
2384	1	1	1	0:00:03.048747
2385	1	1	1	0:00:03.034808
2386	1	1	1	0:00:03.050506
2387	1	1	1	0:00:03.031407
2388	1	1	1	0:00:03.048675
2389	1	1	1	0:00:03.044730
2390	1	1	1	0:00:03.050225
2391	1	1	1	0:00:03.043240
2392	4	4	1	0:00:03.051887
2393	4	4	1	0:00:03.047179
2394	4	4	1	0:00:03.041686
2395	4	4	1	0:00:03.044518
2396	4	4	1	0:00:03.047107
2397	4	4	1	0:00:03.048900
2398	4	4	1	0:00:03.022263
2399	4	4	1	0:00:03.045542
2400	4	4	1	0:00:03.045799
2401	4	4	1	0:00:03.050104
2402	4	4	1	0:00:03.039790
2403	4	4	1	0:00:03.043910
2404	4	4	1	0:00:03.045520
2405	4	4	1	0:00:03.055448
2406	4	4	1	0:00:03.036937
2407	4	4	1	0:00:03.050887
2408	4	0	0	0:00:03.049226
2409	4	4	1	0:00:03.054431
2410	4	4	1	0:00:03.043181
2411	4	4	1	0:00:03.056517
2412	4	4	1	0:00:03.040627
2413	4	4	1	0:00:03.053949
2414	4	4	1	0:00:03.039936
2415	4	4	1	0:00:03.054330
2416	4	4	1	0:00:03.043678
2417	4	4	1	0:00:03.053020
2418	4	4	1	0:00:03.042021
2419	4	4	1	0:00:03.051667
2420	4	4	1	0:00:03.042397
2421	4	4	1	0:00:03.051812
2422	4	4	1	0:00:03.055909
2423	4	4	1	0:00:03.038327
2424	4	4	1	0:00:03.043545
2425	4	4	1	0:00:03.060948
2426	4	4	1	0:00:03.053664
2427	3	3	1	0:00:03.045171
2428	3	3	1	0:00:03.045651
2429	3	3	1	0:00:03.053927
2430	3	3	1	0:00:03.063055
2431	3	3	1	0:00:03.043301
2432	3	3	1	0:00:03.041585
2433	3	3	1	0:00:03.051746
2434	3	3	1	0:00:03.052276
2435	3	3	1	0:00:03.035191
2436	3	3	1	0:00:03.044180
2437	3	3	1	0:00:03.054455
2438	3	3	1	0:00:01.984256
2439	3	3	1	0:00:01.423229
2440	3	3	1	0:00:01.410277
2441	3	3	1	0:00:01.409288
2442	3	3	1	0:00:01.423239
2443	3	3	1	0:00:01.410271
2444	3	3	1	0:00:01.409082
2445	3	3	1	0:00:02.092268
2446	3	3	1	0:00:02.899587
2447	3	3	1	0:00:02.994240
2448	3	3	1	0:00:02.976082
2449	3	3	1	0:00:03.308105
2450	3	3	1	0:00:02.980577
2451	3	3	1	0:00:03.038218
2452	3	3	1	0:00:03.098711
2453	3	3	1	0:00:02.989512
2454	3	3	1	0:00:03.025126
2455	3	3	1	0:00:03.023404
2456	3	3	1	0:00:03.004632
2457	5	5	1	0:00:03.001345
2458	5	5	1	0:00:03.029584
2459	5	5	1	0:00:03.056577
2460	5	5	1	0:00:03.050505
2461	5	5	1	0:00:03.047050
2462	5	5	1	0:00:03.023755
2463	5	5	1	0:00:02.968342
2464	5	5	1	0:00:03.160080
2465	5	5	1	0:00:03.050294
2466	5	5	1	0:00:03.003273
2467	5	5	1	0:00:03.028908
2468	5	5	1	0:00:03.033067
2469	5	5	1	0:00:02.988202
2470	5	5	1	0:00:03.036500
2471	5	5	1	0:00:03.048207
2472	5	5	1	0:00:03.035085
2473	5	5	1	0:00:02.991148
2474	5	5	1	0:00:03.066650
2475	5	5	1	0:00:03.077066
2476	5	5	1	0:00:02.996539
2477	5	5	1	0:00:03.034468
2478	5	5	1	0:00:03.028903
2479	5	5	1	0:00:02.985057
2480	5	5	1	0:00:03.017653
2481	5	5	1	0:00:03.026944
2482	5	5	1	0:00:02.987742
2483	5	5	1	0:00:03.023020
2484	5	5	1	0:00:03.091632
2485	5	5	1	0:00:03.027034
2486	5	5	1	0:00:03.040216
2487	5	5	1	0:00:03.065640
2488	5	5	1	0:00:02.983414
2489	5	5	1	0:00:03.072934
2490	5	5	1	0:00:03.067995
2491	5	5	1	0:00:03.035163
2492	5	5	1	0:00:03.068979
2493	5	5	1	0:00:03.060125
2494	0	0	1	0:00:02.985031
2495	0	0	1	0:00:03.041911
2496	0	1	0	0:00:03.097721
2497	0	0	1	0:00:03.007185
2498	0	0	1	0:00:03.006876
2499	0	0	1	0:00:03.028413
2500	0	0	1	0:00:02.987206
2501	0	0	1	0:00:03.017848
2502	0	1	0	0:00:03.018141
2503	0	0	1	0:00:02.973827
2504	0	0	1	0:00:03.019937
2505	0	0	1	0:00:03.019255
2506	0	1	0	0:00:02.980064
2507	0	1	0	0:00:03.022392
2508	0	0	1	0:00:03.020324
2509	0	2	0	0:00:03.009529
2510	0	0	1	0:00:02.979184
2511	0	0	1	0:00:03.021435
2512	0	0	1	0:00:03.002298
2513	0	0	1	0:00:02.971003
2514	0	2	0	0:00:03.009984
2515	0	2	0	0:00:03.008126
2516	0	0	1	0:00:02.957974
2517	0	0	1	0:00:03.010087
2518	2	2	1	0:00:03.021483
2519	2	2	1	0:00:02.988225
2520	2	2	1	0:00:03.025869
2521	2	2	1	0:00:03.020257
2522	2	2	1	0:00:02.967792
2523	2	2	1	0:00:03.034673
2524	2	2	1	0:00:03.058412
2525	2	2	1	0:00:03.035233
2526	2	2	1	0:00:03.050382
2527	2	2	1	0:00:03.026551
2528	2	2	1	0:00:02.963430
2529	2	2	1	0:00:03.013591
2530	2	2	1	0:00:03.021713
2531	2	2	1	0:00:02.972079
2532	2	2	1	0:00:03.063945
2533	2	2	1	0:00:03.067108
2534	2	2	1	0:00:02.988755
2535	2	2	1	0:00:03.022164
2536	2	2	1	0:00:03.018522
2537	2	2	1	0:00:02.977354
2538	2	2	1	0:00:03.013901
2539	2	2	1	0:00:02.997847
2540	2	2	1	0:00:02.984055
2541	1	1	1	0:00:03.024850
2542	1	1	1	0:00:03.017560
2543	1	1	1	0:00:02.992629
2544	1	1	1	0:00:03.028963
2545	1	1	1	0:00:03.054265
2546	1	1	1	0:00:02.982773
2547	1	1	1	0:00:03.036935
2548	1	1	1	0:00:03.008359
2549	1	1	1	0:00:02.980754
2550	1	1	1	0:00:03.000832
2551	1	1	1	0:00:03.008036
2552	1	1	1	0:00:03.005184
2553	1	1	1	0:00:03.013947
2554	1	1	1	0:00:03.062821
2555	1	1	1	0:00:02.993260
2556	1	1	1	0:00:03.020240
2557	1	1	1	0:00:03.024795
2558	1	1	1	0:00:02.997080
2559	1	1	1	0:00:02.994000
2560	1	1	1	0:00:03.008959
2561	1	1	1	0:00:03.014352
2562	1	1	1	0:00:02.967376
2563	1	1	1	0:00:03.040517
2564	1	1	1	0:00:03.093478
2565	1	1	1	0:00:03.043103
2566	4	4	1	0:00:03.069254
2567	4	4	1	0:00:03.034234
2568	4	4	1	0:00:03.039429
2569	4	4	1	0:00:03.061333
2570	4	4	1	0:00:03.010356
2571	4	4	1	0:00:03.049260
2572	4	4	1	0:00:03.052175
2573	4	4	1	0:00:02.978156
2574	4	4	1	0:00:03.054229
2575	4	4	1	0:00:03.056820
2576	4	4	1	0:00:03.047311
2577	4	4	1	0:00:03.024863
2578	4	4	1	0:00:02.976597
2579	4	4	1	0:00:03.012373
2580	4	4	1	0:00:03.025845
2581	4	4	1	0:00:02.995472
2582	4	4	1	0:00:03.020722
2583	4	4	1	0:00:03.005254
2584	4	4	1	0:00:03.053914
2585	4	3	0	0:00:03.047284
2586	4	3	0	0:00:03.067938
2587	4	4	1	0:00:02.980874
2588	4	4	1	0:00:03.018336
2589	4	4	1	0:00:03.037965
2590	4	4	1	0:00:03.029712
2591	4	4	1	0:00:03.030648
2592	4	3	0	0:00:03.027488
2593	4	3	0	0:00:02.955233
2594	4	3	0	0:00:03.014905
2595	4	3	0	0:00:03.007374
2596	4	3	0	0:00:02.993747
2597	4	3	0	0:00:03.062533
2598	4	3	0	0:00:03.075897
2599	3	3	1	0:00:03.014913
2600	3	3	1	0:00:03.085609
2601	3	3	1	0:00:03.101209
2602	3	3	1	0:00:03.066675
2603	3	3	1	0:00:03.037403
2604	3	3	1	0:00:02.978240
2605	3	3	1	0:00:03.021945
2606	3	3	1	0:00:03.041182
2607	3	3	1	0:00:02.968500
2608	3	3	1	0:00:03.072294
2609	3	3	1	0:00:03.070460
2610	3	3	1	0:00:02.988137
2611	3	3	1	0:00:03.050110
2612	3	3	1	0:00:03.024316
2613	3	3	1	0:00:02.968568
2614	3	3	1	0:00:03.013264
2615	3	3	1	0:00:03.014885
2616	3	3	1	0:00:02.967260
2617	3	3	1	0:00:03.001698
2618	3	3	1	0:00:03.033442
2619	3	3	1	0:00:02.979926
2620	3	3	1	0:00:03.020799
2621	3	3	1	0:00:02.994509
2622	3	3	1	0:00:02.979254
2623	3	3	1	0:00:03.037386
2624	3	3	1	0:00:03.014510
2625	3	3	1	0:00:02.978896
2626	3	3	1	0:00:03.001637
2627	3	3	1	0:00:03.001378
2628	3	3	1	0:00:02.932353
2629	3	3	1	0:00:02.994965
2630	3	3	1	0:00:03.004870
2631	3	3	1	0:00:03.005112
2632	3	3	1	0:00:02.960401
2633	5	5	1	0:00:03.045124
2634	5	5	1	0:00:03.032263
2635	5	5	1	0:00:02.988313
2636	5	5	1	0:00:03.011686
2637	5	5	1	0:00:03.003407
2638	5	5	1	0:00:02.963451
2639	5	5	1	0:00:03.035402
2640	5	5	1	0:00:02.992309
2641	5	5	1	0:00:02.969956
2642	5	5	1	0:00:03.010756
2643	5	5	1	0:00:03.008352
2644	5	5	1	0:00:02.937796
2645	5	5	1	0:00:03.015434
2646	5	5	1	0:00:02.984013
2647	5	5	1	0:00:02.962102
2648	5	5	1	0:00:03.004238
2649	5	5	1	0:00:02.999734
2650	5	5	1	0:00:02.998449
2651	5	5	1	0:00:03.029186
2652	5	5	1	0:00:03.010151
2653	5	5	1	0:00:02.962200
2654	5	5	1	0:00:03.014266
2655	5	5	1	0:00:03.014606
2656	5	5	1	0:00:02.971202
2657	5	5	1	0:00:02.979106
2658	5	5	1	0:00:03.012482
2659	5	5	1	0:00:03.012047
2660	5	5	1	0:00:02.993339
2661	5	5	1	0:00:03.044260
2662	5	5	1	0:00:03.056617
2663	5	5	1	0:00:03.048792
2664	5	5	1	0:00:03.036620
2665	5	5	1	0:00:03.038118
2666	5	5	1	0:00:03.048012
2667	5	5	1	0:00:03.051621
2668	5	5	1	0:00:03.049627
2669	0	0	1	0:00:03.078156
2670	0	0	1	0:00:03.075059
2671	0	0	1	0:00:03.069432
2672	0	0	1	0:00:03.058648
2673	0	0	1	0:00:03.049618
2674	0	0	1	0:00:03.052911
2675	0	0	1	0:00:03.041620
2676	0	0	1	0:00:03.047637
2677	0	0	1	0:00:03.050002
2678	0	0	1	0:00:03.052325
2679	0	0	1	0:00:03.037136
2680	0	0	1	0:00:03.053027
2681	0	0	1	0:00:03.042175
2682	0	0	1	0:00:03.047275
2683	0	0	1	0:00:03.026170
2684	0	0	1	0:00:03.051982
2685	0	0	1	0:00:03.037295
2686	0	0	1	0:00:03.047335
2687	0	0	1	0:00:03.035521
2688	0	0	1	0:00:03.049889
2689	0	0	1	0:00:03.039879
2690	0	0	1	0:00:03.056869
2691	0	0	1	0:00:03.042287
2692	0	0	1	0:00:03.050888
2693	0	0	1	0:00:03.045169
2694	0	0	1	0:00:03.047897
2695	0	0	1	0:00:03.041515
2696	0	0	1	0:00:03.030954
2697	2	2	1	0:00:03.034800
2698	2	2	1	0:00:03.045567
2699	2	2	1	0:00:03.051618
2700	2	2	1	0:00:03.022404
2701	2	2	1	0:00:03.035737
2702	2	2	1	0:00:03.051750
2703	2	2	1	0:00:03.054467
2704	2	2	1	0:00:03.038540
2705	2	2	1	0:00:03.041318
2706	2	2	1	0:00:03.051045
2707	2	2	1	0:00:03.042382
2708	2	2	1	0:00:03.041018
2709	2	2	1	0:00:03.042051
2710	2	2	1	0:00:03.048092
2711	2	2	1	0:00:03.052686
2712	2	2	1	0:00:03.037671
2713	2	2	1	0:00:03.043349
2714	2	2	1	0:00:03.051273
2715	2	2	1	0:00:03.057884
2716	2	2	1	0:00:03.039055
2717	2	2	1	0:00:03.058093
2718	2	2	1	0:00:03.048769
2719	2	2	1	0:00:03.052568
2720	2	2	1	0:00:03.038553
2721	2	2	1	0:00:03.046441
2722	2	2	1	0:00:03.040740
2723	2	2	1	0:00:03.064594
2724	1	0	0	0:00:03.037841
2725	1	1	1	0:00:03.055284
2726	1	1	1	0:00:03.037287
2727	1	1	1	0:00:03.049783
2728	1	0	0	0:00:03.040936
2729	1	1	1	0:00:03.055475
2730	1	1	1	0:00:03.039816
2731	1	1	1	0:00:03.049371
2732	1	1	1	0:00:03.054364
2733	1	1	1	0:00:03.033669
2734	1	1	1	0:00:03.045810
2735	1	1	1	0:00:03.106323
2736	1	1	1	0:00:03.051574
2737	1	1	1	0:00:03.044263
2738	1	1	1	0:00:03.043224
2739	1	0	0	0:00:03.052876
2740	1	1	1	0:00:01.883679
2741	1	1	1	0:00:01.407419
2742	1	1	1	0:00:01.391728
2743	1	1	1	0:00:01.461307
2744	1	0	0	0:00:01.421474
2745	1	1	1	0:00:01.408051
2746	1	1	1	0:00:01.406187
2747	1	1	1	0:00:02.059808
2748	1	1	1	0:00:02.969637
2749	1	0	0	0:00:02.968986
2750	1	1	1	0:00:02.932987
2751	1	1	1	0:00:02.977340
2752	1	1	1	0:00:02.989151
2753	4	4	1	0:00:02.952092
2754	4	4	1	0:00:03.005185
2755	4	4	1	0:00:03.008225
2756	4	4	1	0:00:02.982589
2757	4	4	1	0:00:03.003505
2758	4	4	1	0:00:03.023976
2759	4	4	1	0:00:03.022877
2760	4	4	1	0:00:02.956544
2761	4	4	1	0:00:03.028231
2762	4	4	1	0:00:03.025972
2763	4	4	1	0:00:02.967066
2764	4	4	1	0:00:03.029063
2765	4	4	1	0:00:03.018507
2766	4	4	1	0:00:03.025676
2767	4	4	1	0:00:02.972551
2768	4	4	1	0:00:03.027289
2769	4	4	1	0:00:03.025666
2770	4	4	1	0:00:02.972503
2771	4	4	1	0:00:03.026134
2772	4	4	1	0:00:03.020817
2773	4	4	1	0:00:03.022642
2774	4	4	1	0:00:02.978632
2775	4	4	1	0:00:02.997926
2776	4	4	1	0:00:03.009003
2777	4	4	1	0:00:02.963624
2778	4	4	1	0:00:03.018017
2779	4	4	1	0:00:03.024908
2780	4	4	1	0:00:03.016210
2781	4	4	1	0:00:02.970790
2782	4	4	1	0:00:03.028724
2783	4	4	1	0:00:03.035636
2784	4	4	1	0:00:02.986682
2785	4	4	1	0:00:03.025665
2786	4	4	1	0:00:03.024211
2787	4	4	1	0:00:02.978654
2788	4	4	1	0:00:03.019952
2789	3	3	1	0:00:03.024650
2790	3	3	1	0:00:02.968367
2791	3	3	1	0:00:03.017526
2792	3	3	1	0:00:03.025337
2793	3	3	1	0:00:03.015565
2794	3	3	1	0:00:02.970952
2795	3	3	1	0:00:03.013954
2796	3	3	1	0:00:03.024695
2797	3	3	1	0:00:02.967480
2798	3	3	1	0:00:03.021656
2799	3	3	1	0:00:03.017804
2800	3	3	1	0:00:02.966887
2801	3	3	1	0:00:03.021301
2802	3	3	1	0:00:03.024260
2803	3	3	1	0:00:02.972935
2804	3	3	1	0:00:03.012480
2805	3	3	1	0:00:03.018502
2806	3	3	1	0:00:02.995086
2807	3	3	1	0:00:02.988330
2808	3	3	1	0:00:03.015202
2809	3	3	1	0:00:03.002752
2810	3	3	1	0:00:02.966112
2811	3	3	1	0:00:03.013963
2812	3	3	1	0:00:03.009515
2813	3	3	1	0:00:02.974519
2814	3	3	1	0:00:03.006743
2815	3	3	1	0:00:03.016237
2816	3	3	1	0:00:03.000461
2817	3	3	1	0:00:03.045149
2818	3	3	1	0:00:03.019027
2819	3	3	1	0:00:02.979672
2820	3	3	1	0:00:03.019028
2821	3	3	1	0:00:03.017270
2822	3	3	1	0:00:02.984247
2823	5	5	1	0:00:03.008009
2824	5	5	1	0:00:03.024693
2825	5	5	1	0:00:03.015691
2826	5	5	1	0:00:03.014725
2827	5	5	1	0:00:03.019166
2828	5	5	1	0:00:03.030462
2829	5	5	1	0:00:02.990139
2830	5	5	1	0:00:03.021845
2831	5	5	1	0:00:03.012676
2832	5	5	1	0:00:02.973369
2833	5	5	1	0:00:03.016555
2834	5	5	1	0:00:03.016126
2835	5	5	1	0:00:02.961391
2836	5	5	1	0:00:03.021874
2837	5	5	1	0:00:03.016774
2838	5	5	1	0:00:02.981501
2839	5	5	1	0:00:03.024707
2840	5	5	1	0:00:03.019272
2841	5	5	1	0:00:02.997422
2842	5	5	1	0:00:03.015444
2843	5	5	1	0:00:03.023703
2844	5	5	1	0:00:02.980536
2845	5	5	1	0:00:03.019155
2846	5	5	1	0:00:03.025877
2847	5	5	1	0:00:02.980481
2848	5	5	1	0:00:03.024023
2849	5	5	1	0:00:03.016663
2850	5	5	1	0:00:02.986981
2851	5	5	1	0:00:03.034383
2852	5	5	1	0:00:03.022422
2853	5	5	1	0:00:02.986590
2854	5	5	1	0:00:03.030178
2855	5	5	1	0:00:02.995665
2856	5	5	1	0:00:02.974328
2857	5	5	1	0:00:03.016820
2858	5	5	1	0:00:03.012896
2859	0	0	1	0:00:02.988879
2860	0	0	1	0:00:03.018412
2861	0	0	1	0:00:03.020969
2862	0	0	1	0:00:03.005242
2863	0	0	1	0:00:02.990651
2864	0	0	1	0:00:03.019565
2865	0	0	1	0:00:03.009671
2866	0	0	1	0:00:02.999957
2867	0	0	1	0:00:03.013814
2868	0	0	1	0:00:03.003369
2869	0	0	1	0:00:02.970383
2870	0	0	1	0:00:03.018733
2871	0	0	1	0:00:03.032630
2872	0	0	1	0:00:02.972427
2873	0	0	1	0:00:03.020253
2874	0	0	1	0:00:03.014901
2875	0	0	1	0:00:02.943274
2876	0	0	1	0:00:03.023854
2877	0	0	1	0:00:03.005494
2878	0	0	1	0:00:02.981377
2879	0	0	1	0:00:03.014655
2880	0	0	1	0:00:03.019871
2881	0	0	1	0:00:02.958143
2882	0	0	1	0:00:03.027832
2883	0	0	1	0:00:03.017191
2884	0	0	1	0:00:02.979117
2885	0	0	1	0:00:03.028401
2886	0	0	1	0:00:03.030654
2887	0	0	1	0:00:02.971866
2888	0	0	1	0:00:03.012043
2889	2	2	1	0:00:02.998950
2890	2	2	1	0:00:02.994379
2891	2	2	1	0:00:03.034018
2892	2	2	1	0:00:02.992553
2893	2	2	1	0:00:02.979497
2894	2	2	1	0:00:03.006842
2895	2	2	1	0:00:03.004821
2896	2	2	1	0:00:02.974296
2897	2	2	1	0:00:03.004613
2898	2	2	1	0:00:03.014560
2899	2	2	1	0:00:02.996498
2900	2	2	1	0:00:03.019106
2901	2	2	1	0:00:03.015125
2902	2	2	1	0:00:03.004901
2903	2	2	1	0:00:03.008955
2904	2	2	1	0:00:03.015389
2905	2	2	1	0:00:03.014377
2906	2	2	1	0:00:02.970583
2907	2	2	1	0:00:03.005559
2908	1	1	1	0:00:03.006432
2909	1	1	1	0:00:02.970334
2910	1	1	1	0:00:03.024981
2911	1	1	1	0:00:03.024761
2912	1	1	1	0:00:02.975013
2913	1	1	1	0:00:03.009560
2914	1	1	1	0:00:03.008842
2915	1	1	1	0:00:02.968905
2916	1	1	1	0:00:03.017732
2917	1	1	1	0:00:03.010253
2918	1	1	1	0:00:02.958749
2919	1	1	1	0:00:03.004643
2920	1	1	1	0:00:03.002913
2921	1	1	1	0:00:02.954836
2922	1	1	1	0:00:03.011093
2923	1	1	1	0:00:03.012409
2924	1	1	1	0:00:02.990611
2925	1	1	1	0:00:03.015638
2926	1	1	1	0:00:03.017001
2927	1	1	1	0:00:02.970059
2928	2	2	1	0:00:03.013305
2929	2	2	1	0:00:03.025784
2930	2	2	1	0:00:02.988470
2931	2	2	1	0:00:03.013124
2932	2	2	1	0:00:03.015558
2933	2	2	1	0:00:02.973521
2934	2	2	1	0:00:03.006553
2935	2	2	1	0:00:03.008021
2936	2	2	1	0:00:03.001896
2937	1	1	1	0:00:02.987129
2938	1	1	1	0:00:03.020772
2939	1	1	1	0:00:03.011363
2940	1	1	1	0:00:02.969671
2941	1	1	1	0:00:02.974935
2942	1	1	1	0:00:03.013150
2943	1	1	1	0:00:02.953182
2944	1	1	1	0:00:03.004213
2945	1	1	1	0:00:03.011445
2946	1	1	1	0:00:02.971468
