idx	label	predict	correct	time
0	4	4	1	0:00:02.960079
1	4	4	1	0:00:02.998863
2	4	4	1	0:00:03.018411
3	4	4	1	0:00:02.970191
4	4	4	1	0:00:03.014035
5	4	4	1	0:00:03.020184
6	4	4	1	0:00:03.010871
7	4	4	1	0:00:03.011783
8	4	4	1	0:00:03.016948
9	4	4	1	0:00:03.009912
10	4	4	1	0:00:02.975238
11	4	4	1	0:00:03.010354
12	4	4	1	0:00:03.009309
13	4	4	1	0:00:02.972133
14	4	4	1	0:00:03.022931
15	4	3	0	0:00:03.011473
16	4	4	1	0:00:02.988823
17	4	4	1	0:00:03.042497
18	4	4	1	0:00:03.050319
19	4	4	1	0:00:03.050264
20	4	4	1	0:00:03.038877
21	4	4	1	0:00:03.049101
22	4	3	0	0:00:03.050554
23	4	3	0	0:00:03.041931
24	4	4	1	0:00:03.014918
25	4	4	1	0:00:03.025499
26	4	4	1	0:00:03.032675
27	4	4	1	0:00:03.034760
28	4	4	1	0:00:03.020408
29	4	4	1	0:00:03.047761
30	4	4	1	0:00:03.034469
31	3	-1	0	0:00:03.049252
32	3	-1	0	0:00:03.046019
33	3	-1	0	0:00:03.043308
34	3	3	1	0:00:03.043322
35	3	3	1	0:00:03.041850
36	3	3	1	0:00:03.030266
37	3	3	1	0:00:03.049033
38	3	3	1	0:00:03.042742
39	3	-1	0	0:00:03.044403
40	3	3	1	0:00:03.034873
41	3	3	1	0:00:03.043767
42	3	3	1	0:00:03.038695
43	3	3	1	0:00:03.092009
44	3	3	1	0:00:03.032646
45	3	3	1	0:00:03.076193
46	3	-1	0	0:00:03.049876
47	3	4	0	0:00:03.055711
48	3	-1	0	0:00:03.034281
49	3	-1	0	0:00:03.048332
50	3	4	0	0:00:03.043141
51	3	-1	0	0:00:03.090496
52	3	-1	0	0:00:03.088617
53	3	4	0	0:00:03.068150
54	3	-1	0	0:00:03.052858
55	5	5	1	0:00:03.063007
56	5	5	1	0:00:03.026715
57	5	5	1	0:00:03.063485
58	5	5	1	0:00:03.062438
59	5	5	1	0:00:03.054758
60	5	5	1	0:00:03.043318
61	5	5	1	0:00:03.060479
62	5	5	1	0:00:03.061728
63	5	5	1	0:00:03.053431
64	5	5	1	0:00:03.038695
65	5	5	1	0:00:03.035985
66	5	5	1	0:00:03.026859
67	5	5	1	0:00:03.037836
68	5	5	1	0:00:03.014700
69	5	5	1	0:00:03.039803
70	5	5	1	0:00:03.038969
71	5	5	1	0:00:03.054044
72	5	5	1	0:00:03.051889
73	5	5	1	0:00:03.044554
74	5	5	1	0:00:03.043222
75	5	5	1	0:00:03.050107
76	5	5	1	0:00:03.053937
77	5	5	1	0:00:03.038391
78	5	5	1	0:00:03.036905
79	0	3	0	0:00:03.054184
80	0	3	0	0:00:03.047815
81	0	3	0	0:00:03.038721
82	0	3	0	0:00:03.040656
83	0	-1	0	0:00:03.052575
84	0	3	0	0:00:03.049870
85	0	3	0	0:00:03.038633
86	0	3	0	0:00:03.045935
87	0	3	0	0:00:03.049456
88	0	3	0	0:00:03.055687
89	0	3	0	0:00:03.037634
90	0	3	0	0:00:03.045285
91	0	3	0	0:00:03.053073
92	0	-1	0	0:00:03.055898
93	0	3	0	0:00:03.037253
94	0	3	0	0:00:03.050995
95	0	3	0	0:00:03.042866
96	0	3	0	0:00:02.068499
97	0	3	0	0:00:01.412650
98	0	3	0	0:00:01.411419
99	0	-1	0	0:00:01.408882
100	0	3	0	0:00:01.406705
101	0	3	0	0:00:01.410284
102	0	3	0	0:00:01.427925
103	0	3	0	0:00:01.824628
104	0	3	0	0:00:02.948179
105	0	3	0	0:00:02.920948
106	0	3	0	0:00:02.981386
107	0	3	0	0:00:02.954377
108	0	-1	0	0:00:02.938688
109	2	-1	0	0:00:03.012327
110	2	3	0	0:00:03.004007
111	2	-1	0	0:00:02.967140
112	2	3	0	0:00:03.011435
113	2	3	0	0:00:03.107283
114	2	5	0	0:00:02.971176
115	2	5	0	0:00:03.024837
116	2	3	0	0:00:03.029520
117	2	3	0	0:00:02.984604
118	2	-1	0	0:00:03.040955
119	2	3	0	0:00:03.035020
120	2	-1	0	0:00:03.007678
121	2	5	0	0:00:03.034417
122	2	5	0	0:00:03.028031
123	2	5	0	0:00:03.023274
124	2	-1	0	0:00:02.978277
125	2	5	0	0:00:03.164193
126	2	5	0	0:00:03.017004
127	2	5	0	0:00:02.981496
128	2	5	0	0:00:03.023439
129	2	5	0	0:00:03.022211
130	2	5	0	0:00:02.978171
131	2	5	0	0:00:03.020934
132	2	-1	0	0:00:03.023444
133	1	3	0	0:00:03.020892
134	1	-1	0	0:00:02.976562
135	1	-1	0	0:00:03.015651
136	1	-1	0	0:00:03.026761
137	1	3	0	0:00:02.977510
138	1	-1	0	0:00:03.017877
139	1	5	0	0:00:03.018090
140	1	5	0	0:00:03.006407
141	1	-1	0	0:00:03.070461
142	1	5	0	0:00:03.051102
143	1	5	0	0:00:03.011096
144	1	5	0	0:00:02.993260
145	1	5	0	0:00:03.033790
146	1	5	0	0:00:03.062090
147	1	5	0	0:00:03.085714
148	1	5	0	0:00:03.046573
149	1	5	0	0:00:03.002722
150	1	5	0	0:00:02.966349
151	1	5	0	0:00:03.024438
152	1	5	0	0:00:03.018751
153	1	5	0	0:00:02.962522
154	1	5	0	0:00:03.021609
155	1	5	0	0:00:03.020937
156	1	5	0	0:00:02.976207
157	1	5	0	0:00:03.023044
158	4	4	1	0:00:03.023814
159	4	4	1	0:00:02.969738
160	4	4	1	0:00:03.015175
161	4	-1	0	0:00:03.016931
162	4	4	1	0:00:03.031662
163	4	-1	0	0:00:03.028059
164	4	-1	0	0:00:03.036010
165	4	-1	0	0:00:03.036092
166	4	-1	0	0:00:03.049923
167	4	-1	0	0:00:03.052738
168	4	-1	0	0:00:02.984973
169	4	4	1	0:00:03.100932
170	4	4	1	0:00:03.038491
171	4	4	1	0:00:02.982974
172	4	4	1	0:00:03.063846
173	4	4	1	0:00:03.265199
174	4	4	1	0:00:03.097816
175	4	4	1	0:00:03.037486
176	4	4	1	0:00:02.978307
177	4	4	1	0:00:03.018131
178	4	4	1	0:00:03.023088
179	4	4	1	0:00:03.013788
180	4	4	1	0:00:03.058197
181	3	3	1	0:00:03.198742
182	3	3	1	0:00:03.032031
183	3	3	1	0:00:03.023506
184	3	3	1	0:00:03.035028
185	3	3	1	0:00:03.064907
186	3	3	1	0:00:03.048066
187	3	3	1	0:00:02.976029
188	3	3	1	0:00:03.019995
189	3	3	1	0:00:03.048970
190	3	3	1	0:00:02.994826
191	3	3	1	0:00:03.028639
192	3	3	1	0:00:03.016539
193	3	3	1	0:00:02.973101
194	3	3	1	0:00:03.034820
195	3	3	1	0:00:03.076481
196	3	3	1	0:00:02.997002
197	3	-1	0	0:00:03.083966
198	3	3	1	0:00:03.041262
199	3	3	1	0:00:03.007930
200	3	3	1	0:00:03.022349
201	3	3	1	0:00:03.027737
202	3	3	1	0:00:02.977716
203	5	5	1	0:00:03.027487
204	5	5	1	0:00:03.016331
205	5	5	1	0:00:02.965398
206	5	5	1	0:00:03.014864
207	5	5	1	0:00:03.019739
208	5	5	1	0:00:03.007765
209	5	5	1	0:00:03.031950
210	5	5	1	0:00:03.037473
211	5	5	1	0:00:02.970466
212	5	5	1	0:00:03.012301
213	5	5	1	0:00:03.020863
214	5	5	1	0:00:03.024699
215	5	5	1	0:00:03.046191
216	5	5	1	0:00:03.033929
217	5	5	1	0:00:02.979155
218	5	5	1	0:00:03.015430
219	5	5	1	0:00:03.076995
220	5	5	1	0:00:02.986477
221	5	5	1	0:00:03.028613
222	5	5	1	0:00:03.024272
223	5	5	1	0:00:02.977453
224	5	5	1	0:00:03.024032
225	5	5	1	0:00:03.006883
226	5	5	1	0:00:03.007478
227	0	3	0	0:00:03.014436
228	0	3	0	0:00:03.009497
229	0	3	0	0:00:02.962362
230	0	3	0	0:00:03.004884
231	0	3	0	0:00:03.012804
232	0	3	0	0:00:02.965324
233	0	3	0	0:00:03.042953
234	0	3	0	0:00:03.015644
235	0	-1	0	0:00:02.979660
236	0	3	0	0:00:03.014981
237	0	3	0	0:00:03.020316
238	0	3	0	0:00:02.970035
239	0	-1	0	0:00:03.023293
240	0	3	0	0:00:03.006066
241	0	3	0	0:00:02.976870
242	0	3	0	0:00:03.010144
243	0	3	0	0:00:03.012835
244	0	3	0	0:00:02.963263
245	0	3	0	0:00:03.006029
246	0	3	0	0:00:03.006302
247	0	-1	0	0:00:02.987169
248	0	-1	0	0:00:03.002148
249	0	-1	0	0:00:02.999604
250	0	3	0	0:00:02.959524
251	0	-1	0	0:00:03.003759
252	0	3	0	0:00:02.990191
253	0	3	0	0:00:02.986430
254	0	3	0	0:00:02.966965
255	0	3	0	0:00:03.009580
256	2	3	0	0:00:03.007190
257	2	-1	0	0:00:02.955920
258	2	-1	0	0:00:03.011412
259	2	5	0	0:00:03.011652
260	2	3	0	0:00:02.962930
261	2	-1	0	0:00:03.007395
262	2	5	0	0:00:03.006172
263	2	5	0	0:00:02.958078
264	2	3	0	0:00:03.017904
265	2	-1	0	0:00:03.003624
266	2	3	0	0:00:02.954419
267	2	5	0	0:00:03.006358
268	2	5	0	0:00:03.005375
269	2	5	0	0:00:02.976733
270	2	5	0	0:00:03.149789
271	2	-1	0	0:00:03.215089
272	2	5	0	0:00:03.008246
273	2	-1	0	0:00:03.019114
274	2	5	0	0:00:02.957510
275	2	-1	0	0:00:03.003724
276	2	5	0	0:00:03.006914
277	2	5	0	0:00:02.980224
278	2	5	0	0:00:02.976654
279	1	3	0	0:00:03.006844
280	1	3	0	0:00:03.014519
281	1	-1	0	0:00:02.958896
282	1	-1	0	0:00:03.005964
283	1	-1	0	0:00:02.981452
284	1	3	0	0:00:02.969242
285	1	3	0	0:00:03.001900
286	1	3	0	0:00:03.006786
287	1	3	0	0:00:02.961318
288	1	-1	0	0:00:03.004616
289	1	-1	0	0:00:03.004969
290	1	-1	0	0:00:02.939063
291	1	3	0	0:00:02.989858
292	1	-1	0	0:00:03.002735
293	1	-1	0	0:00:02.983114
294	1	3	0	0:00:02.970622
295	1	3	0	0:00:03.011633
296	1	3	0	0:00:03.009344
297	1	-1	0	0:00:02.962060
298	1	-1	0	0:00:03.009573
299	1	-1	0	0:00:03.036353
300	1	5	0	0:00:03.021504
301	1	-1	0	0:00:03.034962
302	4	3	0	0:00:03.032902
303	4	3	0	0:00:03.006676
304	4	3	0	0:00:03.102061
305	4	3	0	0:00:02.975974
306	4	3	0	0:00:03.010070
307	4	3	0	0:00:03.011503
308	4	3	0	0:00:02.984487
309	4	3	0	0:00:02.992973
310	4	3	0	0:00:03.024481
311	4	3	0	0:00:02.995200
312	4	3	0	0:00:02.958755
313	4	3	0	0:00:03.012003
314	4	3	0	0:00:03.082745
315	4	3	0	0:00:02.980031
316	4	3	0	0:00:03.016697
317	4	3	0	0:00:03.021120
318	4	3	0	0:00:02.973318
319	4	3	0	0:00:03.100848
320	4	3	0	0:00:03.059722
321	4	3	0	0:00:03.052835
322	4	3	0	0:00:03.053264
323	4	3	0	0:00:03.053210
324	4	3	0	0:00:03.039119
325	4	3	0	0:00:02.476202
326	4	3	0	0:00:01.410896
327	4	3	0	0:00:02.685149
328	4	3	0	0:00:03.074240
329	4	3	0	0:00:03.059897
330	3	3	1	0:00:03.075975
331	3	3	1	0:00:03.037661
332	3	3	1	0:00:03.054878
333	3	3	1	0:00:03.059750
334	3	3	1	0:00:03.053484
335	3	3	1	0:00:03.031567
336	3	3	1	0:00:03.043815
337	3	3	1	0:00:03.047490
338	3	3	1	0:00:03.048007
339	3	3	1	0:00:03.083690
340	3	3	1	0:00:03.065983
341	3	3	1	0:00:03.084518
342	3	3	1	0:00:03.053931
343	3	3	1	0:00:03.057085
344	3	3	1	0:00:03.045848
345	3	3	1	0:00:03.048148
346	3	3	1	0:00:03.054639
347	3	3	1	0:00:03.040799
348	3	3	1	0:00:03.041809
349	3	3	1	0:00:03.048363
350	3	3	1	0:00:03.052705
351	3	3	1	0:00:03.047219
352	3	3	1	0:00:03.044562
353	3	3	1	0:00:03.047737
354	5	5	1	0:00:03.046944
355	5	5	1	0:00:03.040658
356	5	5	1	0:00:03.046224
357	5	5	1	0:00:03.047076
358	5	5	1	0:00:03.055094
359	5	5	1	0:00:03.033880
360	5	5	1	0:00:03.076035
361	5	5	1	0:00:03.066335
362	5	5	1	0:00:03.057832
363	5	5	1	0:00:03.062687
364	5	5	1	0:00:03.051470
365	5	5	1	0:00:03.057128
366	5	5	1	0:00:03.053651
367	5	5	1	0:00:03.034945
368	5	5	1	0:00:03.068742
369	5	5	1	0:00:03.135071
370	5	5	1	0:00:03.141962
371	5	5	1	0:00:03.070713
372	5	5	1	0:00:03.043504
373	5	5	1	0:00:03.058817
374	5	5	1	0:00:03.101485
375	5	5	1	0:00:03.081643
376	5	5	1	0:00:03.058385
377	5	5	1	0:00:03.058083
378	5	5	1	0:00:03.058568
379	5	5	1	0:00:03.043460
380	5	5	1	0:00:03.052152
381	5	5	1	0:00:03.051465
382	5	5	1	0:00:03.053956
383	5	5	1	0:00:03.053392
384	0	3	0	0:00:03.053027
385	0	3	0	0:00:03.049590
386	0	3	0	0:00:03.107524
387	0	3	0	0:00:03.116668
388	0	3	0	0:00:03.054060
389	0	3	0	0:00:03.056991
390	0	3	0	0:00:03.051257
391	0	3	0	0:00:03.039314
392	0	3	0	0:00:03.047908
393	0	3	0	0:00:03.050092
394	0	3	0	0:00:03.051097
395	0	3	0	0:00:03.042121
396	0	3	0	0:00:03.048315
397	0	3	0	0:00:03.043498
398	0	3	0	0:00:03.055288
399	0	3	0	0:00:03.017900
400	0	3	0	0:00:01.551019
401	0	3	0	0:00:01.480525
402	0	3	0	0:00:01.409439
403	0	3	0	0:00:01.414208
404	0	3	0	0:00:01.407286
405	0	-1	0	0:00:01.410715
406	0	3	0	0:00:01.412204
407	0	3	0	0:00:02.614310
408	0	3	0	0:00:03.017816
409	0	3	0	0:00:03.062899
410	0	3	0	0:00:03.023554
411	0	3	0	0:00:03.079916
412	0	3	0	0:00:03.024704
413	0	3	0	0:00:02.953822
414	0	3	0	0:00:03.006712
415	2	3	0	0:00:03.016941
416	2	3	0	0:00:02.978404
417	2	-1	0	0:00:03.027693
418	2	3	0	0:00:03.025862
419	2	3	0	0:00:03.023026
420	2	3	0	0:00:02.980188
421	2	3	0	0:00:03.001484
422	2	3	0	0:00:03.019912
423	2	5	0	0:00:02.980513
424	2	5	0	0:00:03.024871
425	2	-1	0	0:00:03.026465
426	2	3	0	0:00:03.032042
427	2	-1	0	0:00:02.979337
428	2	3	0	0:00:03.036408
429	2	5	0	0:00:03.022618
430	2	3	0	0:00:02.967944
431	2	3	0	0:00:03.022461
432	2	-1	0	0:00:03.031410
433	2	-1	0	0:00:03.001437
434	2	5	0	0:00:02.985497
435	2	5	0	0:00:03.022521
436	2	-1	0	0:00:03.004822
437	2	3	0	0:00:03.018117
438	1	3	0	0:00:03.037857
439	1	3	0	0:00:03.039260
440	1	3	0	0:00:02.975831
441	1	3	0	0:00:03.053883
442	1	3	0	0:00:03.085436
443	1	3	0	0:00:03.050868
444	1	-1	0	0:00:03.101823
445	1	3	0	0:00:03.072361
446	1	3	0	0:00:03.040511
447	1	3	0	0:00:03.086671
448	1	3	0	0:00:03.130171
449	1	3	0	0:00:03.030295
450	1	3	0	0:00:03.103345
451	1	-1	0	0:00:03.079538
452	1	-1	0	0:00:03.099959
453	1	-1	0	0:00:03.095973
454	1	-1	0	0:00:03.055912
455	1	3	0	0:00:03.074282
456	1	3	0	0:00:03.107065
457	1	-1	0	0:00:03.058754
458	1	3	0	0:00:03.066038
459	1	3	0	0:00:03.030393
460	1	3	0	0:00:03.053399
461	1	5	0	0:00:03.058356
462	1	3	0	0:00:03.027491
463	1	3	0	0:00:03.037516
464	1	3	0	0:00:03.043812
465	1	5	0	0:00:03.011985
466	4	-1	0	0:00:03.048780
467	4	3	0	0:00:03.045726
468	4	3	0	0:00:03.021142
469	4	3	0	0:00:03.046007
470	4	3	0	0:00:03.031966
471	4	3	0	0:00:03.010209
472	4	3	0	0:00:03.045083
473	4	3	0	0:00:03.040636
474	4	3	0	0:00:03.019294
475	4	-1	0	0:00:03.035235
476	4	3	0	0:00:03.048956
477	4	3	0	0:00:03.009598
478	4	3	0	0:00:03.051527
479	4	3	0	0:00:03.043180
480	4	3	0	0:00:03.007792
481	4	3	0	0:00:03.045608
482	4	3	0	0:00:03.047316
483	4	3	0	0:00:03.001719
484	4	3	0	0:00:03.063999
485	4	-1	0	0:00:03.053235
486	4	3	0	0:00:03.012099
487	4	3	0	0:00:03.044404
488	4	3	0	0:00:03.048187
489	4	3	0	0:00:03.031040
490	4	3	0	0:00:03.034145
491	4	3	0	0:00:03.044216
492	4	3	0	0:00:03.010576
493	4	3	0	0:00:03.045738
494	3	3	1	0:00:03.039019
495	3	3	1	0:00:03.016795
496	3	3	1	0:00:03.039801
497	3	3	1	0:00:03.038404
498	3	3	1	0:00:03.018617
499	3	3	1	0:00:03.034286
500	3	3	1	0:00:03.029320
501	3	3	1	0:00:03.006007
502	3	3	1	0:00:03.044061
503	3	3	1	0:00:03.035207
504	3	3	1	0:00:03.011711
505	3	3	1	0:00:03.044342
506	3	3	1	0:00:03.071500
507	3	3	1	0:00:03.048295
508	3	3	1	0:00:03.043795
509	3	3	1	0:00:03.018334
510	3	3	1	0:00:03.058729
511	3	3	1	0:00:03.047402
512	3	3	1	0:00:03.001008
513	3	3	1	0:00:03.047764
514	3	3	1	0:00:03.051458
515	3	3	1	0:00:03.009543
516	3	3	1	0:00:03.045056
517	3	3	1	0:00:03.051480
518	3	3	1	0:00:03.012228
519	3	3	1	0:00:03.141153
520	5	5	1	0:00:03.084160
521	5	5	1	0:00:03.097244
522	5	5	1	0:00:03.093714
523	5	5	1	0:00:03.037736
524	5	5	1	0:00:03.053942
525	5	5	1	0:00:03.041928
526	5	5	1	0:00:03.010675
527	5	5	1	0:00:03.045604
528	5	5	1	0:00:03.042398
529	5	5	1	0:00:03.017186
530	5	5	1	0:00:03.047841
531	5	5	1	0:00:03.034575
532	5	5	1	0:00:03.007802
533	5	5	1	0:00:03.047993
534	5	5	1	0:00:03.025972
535	5	5	1	0:00:03.012796
536	5	5	1	0:00:03.042324
537	5	5	1	0:00:03.012784
538	5	5	1	0:00:03.063923
539	5	5	1	0:00:03.037054
540	5	5	1	0:00:02.995847
541	5	5	1	0:00:03.049043
542	5	5	1	0:00:03.049647
543	5	5	1	0:00:03.025199
544	0	3	0	0:00:03.040141
545	0	3	0	0:00:03.041288
546	0	3	0	0:00:03.009175
547	0	3	0	0:00:03.054681
548	0	3	0	0:00:03.038397
549	0	3	0	0:00:03.010683
550	0	3	0	0:00:03.042213
551	0	3	0	0:00:03.037038
552	0	3	0	0:00:03.052269
553	0	3	0	0:00:03.034834
554	0	3	0	0:00:03.041966
555	0	3	0	0:00:03.007526
556	0	3	0	0:00:03.043382
557	0	3	0	0:00:03.041656
558	0	5	0	0:00:03.007084
559	0	3	0	0:00:03.040536
560	0	3	0	0:00:03.045789
561	0	3	0	0:00:02.981817
562	0	3	0	0:00:03.035551
563	0	3	0	0:00:03.036086
564	0	3	0	0:00:03.004202
565	0	3	0	0:00:03.042759
566	0	3	0	0:00:03.043839
567	0	3	0	0:00:03.012992
568	0	3	0	0:00:03.043709
569	0	3	0	0:00:03.040186
570	0	3	0	0:00:03.010553
571	0	3	0	0:00:03.041538
572	0	3	0	0:00:03.033490
573	2	3	0	0:00:02.984126
574	2	3	0	0:00:03.063525
575	2	-1	0	0:00:03.101338
576	2	5	0	0:00:03.084522
577	2	-1	0	0:00:03.189040
578	2	-1	0	0:00:03.065807
579	2	-1	0	0:00:03.077664
580	2	-1	0	0:00:03.080926
581	2	-1	0	0:00:03.066286
582	2	3	0	0:00:03.077022
583	2	-1	0	0:00:03.055669
584	2	5	0	0:00:03.165396
585	2	-1	0	0:00:03.325999
586	2	5	0	0:00:03.076849
587	2	5	0	0:00:03.072550
588	2	3	0	0:00:03.057400
589	2	5	0	0:00:03.068667
590	2	5	0	0:00:03.068048
591	2	5	0	0:00:03.062499
592	2	-1	0	0:00:03.117129
593	2	-1	0	0:00:03.049565
594	2	-1	0	0:00:03.143571
595	1	-1	0	0:00:03.130300
596	1	3	0	0:00:03.073929
597	1	3	0	0:00:03.067019
598	1	3	0	0:00:03.046973
599	1	3	0	0:00:03.070183
600	1	-1	0	0:00:03.068753
601	1	-1	0	0:00:03.058941
602	1	3	0	0:00:03.070867
603	1	3	0	0:00:03.067826
604	1	3	0	0:00:03.326323
605	1	3	0	0:00:03.070830
606	1	3	0	0:00:03.046699
607	1	3	0	0:00:03.072842
608	1	3	0	0:00:03.056105
609	1	-1	0	0:00:03.068509
610	1	-1	0	0:00:03.078131
611	1	3	0	0:00:03.054019
612	1	-1	0	0:00:03.061256
613	1	3	0	0:00:03.067904
614	1	5	0	0:00:03.056396
615	1	3	0	0:00:03.064193
616	1	-1	0	0:00:03.066774
617	1	-1	0	0:00:03.050717
618	1	-1	0	0:00:03.073548
619	4	3	0	0:00:03.044870
620	4	3	0	0:00:03.064295
621	4	3	0	0:00:03.052212
622	4	3	0	0:00:03.061747
623	4	3	0	0:00:03.047607
624	4	3	0	0:00:03.063430
625	4	3	0	0:00:03.051869
626	4	3	0	0:00:03.056948
627	4	3	0	0:00:03.052819
628	4	3	0	0:00:03.059337
629	4	3	0	0:00:03.044067
630	4	3	0	0:00:03.060396
631	4	3	0	0:00:03.045451
632	4	3	0	0:00:03.054642
633	4	3	0	0:00:03.040398
634	4	3	0	0:00:03.046457
635	4	3	0	0:00:03.029145
636	4	3	0	0:00:03.059377
637	4	3	0	0:00:03.033216
638	4	3	0	0:00:03.048653
639	4	3	0	0:00:03.031393
640	4	3	0	0:00:03.046439
641	3	3	1	0:00:03.039601
642	3	3	1	0:00:03.051219
643	3	3	1	0:00:03.030052
644	3	3	1	0:00:03.051111
645	3	3	1	0:00:03.045163
646	3	3	1	0:00:03.048969
647	3	3	1	0:00:03.082208
648	3	3	1	0:00:03.091521
649	3	3	1	0:00:03.056927
650	3	3	1	0:00:03.085147
651	3	3	1	0:00:03.065116
652	3	3	1	0:00:03.074795
653	3	3	1	0:00:03.056366
654	3	3	1	0:00:03.061321
655	3	3	1	0:00:03.055758
656	3	3	1	0:00:03.057475
657	3	3	1	0:00:03.058272
658	3	3	1	0:00:03.052553
659	3	3	1	0:00:03.026375
660	3	3	1	0:00:03.055455
661	3	3	1	0:00:03.052731
662	3	3	1	0:00:03.054057
663	3	3	1	0:00:03.036879
664	3	3	1	0:00:03.059318
665	3	3	1	0:00:03.047292
666	5	5	1	0:00:03.059085
667	5	5	1	0:00:03.042598
668	5	5	1	0:00:03.055674
669	5	5	1	0:00:03.048486
670	5	5	1	0:00:03.054486
671	5	5	1	0:00:03.042889
672	5	5	1	0:00:03.057725
673	5	5	1	0:00:03.039877
674	5	5	1	0:00:03.056593
675	5	5	1	0:00:03.043844
676	5	5	1	0:00:03.052403
677	5	5	1	0:00:03.047615
678	5	5	1	0:00:03.057206
679	5	5	1	0:00:03.052225
680	5	5	1	0:00:03.047231
681	5	5	1	0:00:03.044420
682	5	5	1	0:00:03.063273
683	5	5	1	0:00:03.059896
684	5	5	1	0:00:03.039746
685	5	5	1	0:00:03.050525
686	5	5	1	0:00:03.053386
687	5	5	1	0:00:03.054198
688	5	5	1	0:00:03.044177
689	5	5	1	0:00:03.044211
690	0	3	0	0:00:03.053394
691	0	-1	0	0:00:03.057833
692	0	-1	0	0:00:03.044708
693	0	3	0	0:00:03.042716
694	0	3	0	0:00:03.054788
695	0	-1	0	0:00:03.052594
696	0	3	0	0:00:03.040905
697	0	3	0	0:00:03.052504
698	0	3	0	0:00:03.052847
699	0	3	0	0:00:03.055899
700	0	3	0	0:00:01.676290
701	0	-1	0	0:00:01.471552
702	0	-1	0	0:00:01.461740
703	0	-1	0	0:00:01.461251
704	0	5	0	0:00:01.463367
705	0	-1	0	0:00:01.455827
706	0	-1	0	0:00:01.457187
707	0	3	0	0:00:02.611988
708	0	3	0	0:00:02.965188
709	0	-1	0	0:00:02.986254
710	0	-1	0	0:00:03.007699
711	0	3	0	0:00:02.981598
712	0	3	0	0:00:03.029898
713	0	3	0	0:00:03.043625
714	0	3	0	0:00:02.989598
715	0	3	0	0:00:03.048957
716	2	3	0	0:00:03.047429
717	2	-1	0	0:00:03.018658
718	2	-1	0	0:00:03.054839
719	2	-1	0	0:00:03.051248
720	2	-1	0	0:00:03.027536
721	2	3	0	0:00:03.061286
722	2	-1	0	0:00:03.059962
723	1	-1	0	0:00:03.026860
724	1	3	0	0:00:03.059794
725	1	3	0	0:00:03.059869
726	1	3	0	0:00:03.021469
727	1	-1	0	0:00:03.061468
728	1	5	0	0:00:03.057449
729	1	3	0	0:00:03.026537
730	1	3	0	0:00:03.064539
731	1	3	0	0:00:03.093935
732	1	-1	0	0:00:03.061260
733	2	5	0	0:00:03.085541
734	2	-1	0	0:00:03.089815
735	2	-1	0	0:00:03.076651
736	2	5	0	0:00:03.079437
737	2	5	0	0:00:03.082199
738	2	5	0	0:00:03.042617
739	1	-1	0	0:00:03.065306
740	1	-1	0	0:00:03.087904
741	1	-1	0	0:00:03.048202
742	1	5	0	0:00:03.078258
743	1	-1	0	0:00:03.078974
744	1	-1	0	0:00:03.029302
745	1	5	0	0:00:03.068059
746	1	-1	0	0:00:03.066565
747	2	5	0	0:00:03.026783
748	2	5	0	0:00:03.054959
749	2	3	0	0:00:03.063826
750	2	5	0	0:00:03.008824
751	2	5	0	0:00:03.052910
752	2	-1	0	0:00:03.052806
753	2	-1	0	0:00:03.063258
754	2	5	0	0:00:03.095479
755	1	-1	0	0:00:03.076525
756	1	-1	0	0:00:03.035446
757	1	5	0	0:00:03.066138
758	1	3	0	0:00:03.057499
759	1	-1	0	0:00:03.029355
760	1	-1	0	0:00:03.050915
761	1	-1	0	0:00:03.057455
762	1	3	0	0:00:03.027414
763	4	-1	0	0:00:03.048284
764	4	3	0	0:00:03.040773
765	4	3	0	0:00:03.029889
766	4	-1	0	0:00:03.048215
767	4	-1	0	0:00:03.037456
768	4	-1	0	0:00:03.008406
769	4	3	0	0:00:03.051277
770	4	-1	0	0:00:03.040064
771	4	3	0	0:00:03.013428
772	4	3	0	0:00:03.052736
773	4	3	0	0:00:03.057625
774	4	3	0	0:00:03.087623
775	4	3	0	0:00:03.087171
776	4	3	0	0:00:03.045714
777	4	3	0	0:00:03.093481
778	4	3	0	0:00:03.095465
779	4	3	0	0:00:03.065763
780	4	3	0	0:00:03.071647
781	4	3	0	0:00:03.020223
782	4	3	0	0:00:03.060868
783	4	3	0	0:00:03.055093
784	4	3	0	0:00:03.029697
785	4	3	0	0:00:03.046735
786	3	3	1	0:00:03.048661
787	3	-1	0	0:00:03.017124
788	3	3	1	0:00:03.052778
789	3	-1	0	0:00:03.047201
790	3	3	1	0:00:03.021127
791	3	3	1	0:00:03.044380
792	3	3	1	0:00:03.047422
793	3	3	1	0:00:03.007722
794	3	3	1	0:00:03.045660
795	3	3	1	0:00:03.068648
796	3	3	1	0:00:03.036063
797	3	3	1	0:00:03.074349
798	3	3	1	0:00:03.040444
799	3	3	1	0:00:03.026435
800	3	-1	0	0:00:03.075166
801	3	-1	0	0:00:03.059830
802	3	-1	0	0:00:03.072704
803	3	-1	0	0:00:03.074858
804	3	-1	0	0:00:03.054306
805	3	-1	0	0:00:03.072140
806	3	3	1	0:00:03.071923
807	3	3	1	0:00:03.023407
808	3	3	1	0:00:03.053898
809	3	3	1	0:00:03.049184
810	3	3	1	0:00:03.028158
811	5	-1	0	0:00:03.044161
812	5	-1	0	0:00:03.026565
813	5	3	0	0:00:03.064399
814	5	3	0	0:00:03.063939
815	5	3	0	0:00:03.016169
816	5	-1	0	0:00:03.036407
817	5	3	0	0:00:03.063030
818	5	-1	0	0:00:03.036240
819	5	-1	0	0:00:03.050959
820	5	-1	0	0:00:03.055094
821	5	-1	0	0:00:03.024627
822	5	-1	0	0:00:03.044803
823	5	-1	0	0:00:03.045283
824	5	-1	0	0:00:03.029747
825	5	-1	0	0:00:03.075892
826	5	-1	0	0:00:03.036406
827	5	-1	0	0:00:03.031047
828	5	-1	0	0:00:03.093610
829	5	-1	0	0:00:03.033482
830	5	-1	0	0:00:03.051625
831	5	-1	0	0:00:03.058947
832	5	-1	0	0:00:03.064037
833	5	-1	0	0:00:03.075342
834	5	-1	0	0:00:03.083045
835	5	-1	0	0:00:03.052466
836	5	-1	0	0:00:03.075546
837	0	-1	0	0:00:03.025470
838	0	-1	0	0:00:03.105770
839	0	-1	0	0:00:03.064982
840	0	5	0	0:00:03.040717
841	0	-1	0	0:00:03.082463
842	0	3	0	0:00:03.061130
843	0	3	0	0:00:03.064330
844	0	-1	0	0:00:03.044669
845	0	5	0	0:00:03.022543
846	0	5	0	0:00:03.053380
847	0	-1	0	0:00:03.079001
848	0	-1	0	0:00:03.062447
849	0	3	0	0:00:03.073436
850	0	-1	0	0:00:03.059477
851	0	-1	0	0:00:03.016961
852	0	-1	0	0:00:03.057417
853	0	-1	0	0:00:03.049810
854	0	3	0	0:00:03.023465
855	0	-1	0	0:00:03.048540
856	0	-1	0	0:00:03.047652
857	0	-1	0	0:00:03.012873
858	0	5	0	0:00:03.047170
859	0	5	0	0:00:03.028032
860	0	-1	0	0:00:03.023454
861	0	5	0	0:00:03.048011
862	0	5	0	0:00:03.022932
863	2	-1	0	0:00:03.030526
864	2	5	0	0:00:03.039298
865	2	-1	0	0:00:03.024327
866	2	5	0	0:00:03.034883
867	2	5	0	0:00:03.077076
868	2	5	0	0:00:03.031263
869	2	-1	0	0:00:03.067177
870	2	-1	0	0:00:03.058845
871	2	-1	0	0:00:03.026716
872	2	-1	0	0:00:03.051805
873	2	5	0	0:00:03.047410
874	2	5	0	0:00:03.015490
875	2	5	0	0:00:03.051132
876	2	-1	0	0:00:03.078774
877	1	5	0	0:00:03.101861
878	1	5	0	0:00:03.086618
879	1	5	0	0:00:03.036781
880	1	-1	0	0:00:03.053550
881	1	-1	0	0:00:03.048980
882	1	5	0	0:00:03.077783
883	1	-1	0	0:00:03.112479
884	1	5	0	0:00:03.083601
885	1	5	0	0:00:03.079977
886	1	5	0	0:00:03.080751
887	1	5	0	0:00:03.066892
888	1	5	0	0:00:03.094175
889	1	5	0	0:00:03.068304
890	1	5	0	0:00:03.037177
891	1	5	0	0:00:03.050201
892	1	5	0	0:00:03.048952
893	1	5	0	0:00:03.018989
894	1	5	0	0:00:03.042122
895	1	5	0	0:00:03.067710
896	1	5	0	0:00:03.075222
897	1	5	0	0:00:03.070507
898	1	-1	0	0:00:03.031350
899	1	5	0	0:00:03.075950
900	2	5	0	0:00:03.075988
901	2	-1	0	0:00:03.031129
902	2	5	0	0:00:03.057428
903	2	3	0	0:00:03.017320
904	2	5	0	0:00:03.046266
905	2	5	0	0:00:03.049526
906	2	5	0	0:00:03.059936
907	4	-1	0	0:00:03.089143
908	4	-1	0	0:00:03.066596
909	4	-1	0	0:00:03.065234
910	4	4	1	0:00:03.068188
911	4	4	1	0:00:03.066592
912	4	4	1	0:00:03.057942
913	4	4	1	0:00:03.082765
914	4	4	1	0:00:03.053269
915	4	4	1	0:00:03.100281
916	4	4	1	0:00:03.051894
917	4	4	1	0:00:03.027690
918	4	4	1	0:00:03.054927
919	4	-1	0	0:00:03.020184
920	4	4	1	0:00:03.076301
921	4	4	1	0:00:03.063965
922	4	4	1	0:00:03.045222
923	4	4	1	0:00:03.045574
924	4	4	1	0:00:03.063246
925	4	4	1	0:00:03.057004
926	4	4	1	0:00:03.044769
927	4	4	1	0:00:03.044172
928	4	4	1	0:00:03.052128
929	4	4	1	0:00:03.052727
930	3	3	1	0:00:03.042867
931	3	3	1	0:00:03.037208
932	3	3	1	0:00:03.050241
933	3	3	1	0:00:03.049165
934	3	3	1	0:00:03.038887
935	3	3	1	0:00:03.044790
936	3	3	1	0:00:03.050615
937	3	3	1	0:00:03.052732
938	3	3	1	0:00:03.037003
939	3	3	1	0:00:03.039890
940	3	3	1	0:00:03.055083
941	3	3	1	0:00:03.050627
942	3	3	1	0:00:03.045348
943	3	3	1	0:00:03.048176
944	3	3	1	0:00:03.063746
945	3	3	1	0:00:03.083682
946	3	3	1	0:00:03.069353
947	3	3	1	0:00:03.064293
948	3	3	1	0:00:03.062980
949	3	3	1	0:00:03.058465
950	3	3	1	0:00:03.048249
951	3	3	1	0:00:03.044700
952	3	3	1	0:00:03.058430
953	3	3	1	0:00:03.054338
954	5	5	1	0:00:03.046969
955	5	5	1	0:00:03.047120
956	5	5	1	0:00:03.061721
957	5	5	1	0:00:03.049468
958	5	5	1	0:00:03.040836
959	5	5	1	0:00:03.039002
960	5	5	1	0:00:03.055274
961	5	5	1	0:00:03.052106
962	5	5	1	0:00:03.042601
963	5	5	1	0:00:03.053028
964	5	5	1	0:00:03.056294
965	5	5	1	0:00:03.068737
966	5	5	1	0:00:03.051427
967	5	5	1	0:00:03.057857
968	5	5	1	0:00:03.057655
969	5	5	1	0:00:03.065379
970	5	5	1	0:00:03.053090
971	5	5	1	0:00:03.052956
972	5	5	1	0:00:03.062205
973	5	5	1	0:00:03.064677
974	5	5	1	0:00:03.046877
975	5	5	1	0:00:03.062369
976	5	5	1	0:00:03.052138
977	5	5	1	0:00:03.064995
978	5	5	1	0:00:03.060575
979	5	5	1	0:00:03.048479
980	5	5	1	0:00:03.089506
981	5	5	1	0:00:03.083547
982	5	5	1	0:00:03.057600
983	5	5	1	0:00:03.062512
984	5	5	1	0:00:03.063938
985	0	5	0	0:00:03.095568
986	0	3	0	0:00:03.064866
987	0	-1	0	0:00:03.065740
988	0	5	0	0:00:03.058000
989	0	3	0	0:00:03.065028
990	0	3	0	0:00:03.050980
991	0	3	0	0:00:03.056284
992	0	3	0	0:00:03.061178
993	0	3	0	0:00:03.063415
994	0	-1	0	0:00:03.044245
995	0	-1	0	0:00:03.052967
996	0	-1	0	0:00:03.058595
997	0	-1	0	0:00:03.058903
998	0	3	0	0:00:03.046250
999	0	3	0	0:00:02.656563
1000	0	3	0	0:00:01.536198
1001	0	-1	0	0:00:01.495371
1002	0	5	0	0:00:01.489269
1003	0	3	0	0:00:01.483377
1004	0	-1	0	0:00:01.478318
1005	0	3	0	0:00:01.483221
1006	0	-1	0	0:00:01.838494
1007	0	-1	0	0:00:03.018933
1008	0	-1	0	0:00:03.012745
1009	0	5	0	0:00:03.019987
1010	0	5	0	0:00:03.035796
1011	0	3	0	0:00:03.057008
1012	2	3	0	0:00:03.083479
1013	2	5	0	0:00:03.080180
1014	2	5	0	0:00:03.086671
1015	2	5	0	0:00:03.029725
1016	2	5	0	0:00:03.063159
1017	2	-1	0	0:00:03.059535
1018	2	5	0	0:00:03.038015
1019	2	-1	0	0:00:03.075053
1020	2	5	0	0:00:03.067723
1021	2	5	0	0:00:03.023170
1022	2	5	0	0:00:03.059942
1023	2	5	0	0:00:03.074498
1024	2	5	0	0:00:03.049551
1025	2	3	0	0:00:03.048383
1026	2	5	0	0:00:03.067400
1027	2	5	0	0:00:03.065289
1028	2	5	0	0:00:03.032961
1029	2	5	0	0:00:03.067885
1030	2	5	0	0:00:03.063214
1031	1	5	0	0:00:03.030732
1032	1	5	0	0:00:03.055387
1033	1	5	0	0:00:03.062068
1034	1	3	0	0:00:03.027757
1035	1	5	0	0:00:03.057160
1036	1	5	0	0:00:03.067516
1037	1	3	0	0:00:03.014255
1038	1	-1	0	0:00:03.054832
1039	1	5	0	0:00:03.092239
1040	1	5	0	0:00:03.021726
1041	1	5	0	0:00:03.101677
1042	1	5	0	0:00:03.089386
1043	1	-1	0	0:00:03.044955
1044	1	3	0	0:00:03.097924
1045	1	3	0	0:00:03.051374
1046	1	-1	0	0:00:03.071235
1047	1	5	0	0:00:03.067753
1048	1	5	0	0:00:03.035654
1049	1	5	0	0:00:03.064312
1050	1	5	0	0:00:03.050819
1051	1	-1	0	0:00:03.016951
1052	1	-1	0	0:00:03.061451
1053	1	5	0	0:00:03.046603
1054	4	3	0	0:00:03.020875
1055	4	3	0	0:00:03.056874
1056	4	3	0	0:00:03.052489
1057	4	3	0	0:00:03.015260
1058	4	3	0	0:00:03.049209
1059	4	3	0	0:00:03.055429
1060	4	3	0	0:00:03.032037
1061	4	3	0	0:00:03.088866
1062	4	3	0	0:00:03.077280
1063	4	3	0	0:00:03.041764
1064	4	3	0	0:00:03.111983
1065	4	3	0	0:00:03.047337
1066	4	3	0	0:00:03.066762
1067	4	3	0	0:00:03.066969
1068	4	3	0	0:00:03.024837
1069	4	3	0	0:00:03.062797
1070	4	3	0	0:00:03.054493
1071	4	3	0	0:00:03.016071
1072	4	3	0	0:00:03.047636
1073	4	3	0	0:00:03.052222
1074	4	3	0	0:00:03.016190
1075	3	3	1	0:00:03.068724
1076	3	3	1	0:00:03.071018
1077	3	3	1	0:00:03.043362
1078	3	3	1	0:00:03.059217
1079	3	3	1	0:00:03.052793
1080	3	3	1	0:00:03.031068
1081	3	3	1	0:00:03.048105
1082	3	3	1	0:00:03.047955
1083	3	3	1	0:00:03.048176
1084	3	3	1	0:00:03.056270
1085	3	3	1	0:00:03.027096
1086	3	3	1	0:00:03.053288
1087	3	3	1	0:00:03.047339
1088	3	3	1	0:00:03.016744
1089	3	3	1	0:00:03.048027
1090	3	3	1	0:00:03.054567
1091	3	3	1	0:00:03.012480
1092	3	3	1	0:00:03.047882
1093	3	3	1	0:00:03.045790
1094	3	-1	0	0:00:03.018273
1095	3	-1	0	0:00:03.039023
1096	3	4	0	0:00:03.030840
1097	3	-1	0	0:00:03.015326
1098	3	4	0	0:00:03.047389
1099	3	-1	0	0:00:03.044219
1100	3	-1	0	0:00:03.018906
1101	3	-1	0	0:00:03.032025
1102	3	-1	0	0:00:03.043181
1103	3	4	0	0:00:03.011363
1104	3	-1	0	0:00:03.045819
1105	5	-1	0	0:00:03.048670
1106	5	-1	0	0:00:03.008703
1107	5	-1	0	0:00:03.048279
1108	5	3	0	0:00:03.086419
1109	5	3	0	0:00:03.102431
1110	5	3	0	0:00:03.084076
1111	5	3	0	0:00:03.039666
1112	5	3	0	0:00:03.070121
1113	5	-1	0	0:00:03.048095
1114	5	3	0	0:00:03.033912
1115	5	-1	0	0:00:03.046559
1116	5	-1	0	0:00:03.041344
1117	5	3	0	0:00:03.024337
1118	5	-1	0	0:00:03.043722
1119	5	-1	0	0:00:03.014416
1120	5	-1	0	0:00:03.038591
1121	5	-1	0	0:00:03.033692
1122	5	3	0	0:00:03.009950
1123	5	3	0	0:00:03.045806
1124	5	-1	0	0:00:03.046124
1125	5	3	0	0:00:02.990286
1126	5	3	0	0:00:03.041869
1127	5	3	0	0:00:03.033516
1128	5	3	0	0:00:03.025645
1129	5	3	0	0:00:03.040754
1130	5	3	0	0:00:03.079113
1131	5	-1	0	0:00:03.075216
1132	0	3	0	0:00:03.075859
1133	0	3	0	0:00:03.049205
1134	0	3	0	0:00:03.046440
1135	0	3	0	0:00:03.057888
1136	0	-1	0	0:00:03.022147
1137	0	3	0	0:00:03.055535
1138	0	-1	0	0:00:03.046759
1139	0	-1	0	0:00:03.014689
1140	0	3	0	0:00:03.050378
1141	0	3	0	0:00:03.053149
1142	0	3	0	0:00:03.033006
1143	0	3	0	0:00:03.060905
1144	0	3	0	0:00:03.049484
1145	0	3	0	0:00:03.058563
1146	0	-1	0	0:00:03.056872
1147	0	-1	0	0:00:03.017237
1148	0	3	0	0:00:03.046005
1149	0	-1	0	0:00:03.048581
1150	0	3	0	0:00:03.021043
1151	0	-1	0	0:00:03.075736
1152	0	3	0	0:00:03.078587
1153	0	3	0	0:00:03.032231
1154	0	3	0	0:00:03.053626
1155	0	3	0	0:00:03.052276
1156	0	3	0	0:00:03.027264
1157	0	-1	0	0:00:03.053551
1158	2	-1	0	0:00:03.018255
1159	2	5	0	0:00:03.035286
1160	2	-1	0	0:00:03.039662
1161	2	5	0	0:00:03.017536
1162	2	3	0	0:00:03.040931
1163	2	-1	0	0:00:03.043177
1164	2	-1	0	0:00:03.006300
1165	2	5	0	0:00:03.046352
1166	2	-1	0	0:00:03.040397
1167	2	5	0	0:00:03.013672
1168	2	5	0	0:00:03.044426
1169	2	-1	0	0:00:03.044399
1170	2	-1	0	0:00:03.027629
1171	2	-1	0	0:00:03.106240
1172	2	5	0	0:00:03.048958
1173	2	-1	0	0:00:03.060270
1174	2	5	0	0:00:03.067666
1175	2	-1	0	0:00:03.008458
1176	2	-1	0	0:00:03.037353
1177	1	5	0	0:00:03.059044
1178	1	5	0	0:00:03.011474
1179	1	3	0	0:00:03.043692
1180	1	-1	0	0:00:03.089416
1181	1	5	0	0:00:03.035093
1182	1	5	0	0:00:03.075723
1183	1	-1	0	0:00:03.062896
1184	1	-1	0	0:00:03.022458
1185	1	5	0	0:00:03.056463
1186	1	5	0	0:00:03.052956
1187	1	5	0	0:00:03.021602
1188	1	-1	0	0:00:03.050977
1189	1	3	0	0:00:03.019162
1190	1	-1	0	0:00:03.047679
1191	1	-1	0	0:00:03.050180
1192	1	-1	0	0:00:03.008893
1193	1	-1	0	0:00:03.043344
1194	1	5	0	0:00:03.032640
1195	1	-1	0	0:00:03.019511
1196	1	-1	0	0:00:03.043628
1197	1	3	0	0:00:03.048564
1198	1	-1	0	0:00:03.030096
1199	1	-1	0	0:00:03.096032
1200	1	3	0	0:00:03.072995
1201	4	4	1	0:00:03.031507
1202	4	4	1	0:00:03.066900
1203	4	4	1	0:00:03.057365
1204	4	4	1	0:00:02.995837
1205	4	4	1	0:00:03.049452
1206	4	4	1	0:00:03.041481
1207	4	4	1	0:00:03.018288
1208	4	4	1	0:00:03.050612
1209	4	4	1	0:00:03.016108
1210	4	4	1	0:00:03.046820
1211	4	4	1	0:00:03.048550
1212	4	4	1	0:00:03.015224
1213	4	4	1	0:00:03.044444
1214	4	4	1	0:00:03.048011
1215	4	4	1	0:00:03.018420
1216	4	4	1	0:00:03.043886
1217	4	4	1	0:00:03.047184
1218	4	4	1	0:00:03.012779
1219	4	4	1	0:00:03.054585
1220	4	4	1	0:00:03.078640
1221	4	3	0	0:00:03.089968
1222	4	3	0	0:00:03.102452
1223	4	3	0	0:00:03.077931
1224	4	4	1	0:00:03.065881
1225	4	4	1	0:00:03.079904
1226	4	4	1	0:00:03.067997
1227	4	4	1	0:00:03.069819
1228	3	3	1	0:00:03.044497
1229	3	3	1	0:00:03.051344
1230	3	3	1	0:00:03.056501
1231	3	3	1	0:00:03.052580
1232	3	3	1	0:00:03.042903
1233	3	3	1	0:00:03.038029
1234	3	3	1	0:00:03.052577
1235	3	3	1	0:00:03.053336
1236	3	3	1	0:00:03.039398
1237	3	3	1	0:00:03.043529
1238	3	3	1	0:00:03.047245
1239	3	3	1	0:00:03.050111
1240	3	3	1	0:00:03.041573
1241	3	3	1	0:00:03.048409
1242	3	3	1	0:00:03.048170
1243	3	3	1	0:00:03.048232
1244	3	3	1	0:00:03.028862
1245	3	3	1	0:00:03.041508
1246	3	3	1	0:00:03.054948
1247	3	3	1	0:00:03.051425
1248	3	3	1	0:00:03.039445
1249	3	3	1	0:00:03.044673
1250	3	3	1	0:00:03.051718
1251	3	3	1	0:00:03.051680
1252	3	3	1	0:00:03.032500
1253	3	3	1	0:00:03.049281
1254	3	3	1	0:00:03.049659
1255	3	3	1	0:00:03.051374
1256	5	5	1	0:00:03.039496
1257	5	5	1	0:00:03.053340
1258	5	5	1	0:00:03.049072
1259	5	5	1	0:00:03.031882
1260	5	5	1	0:00:03.039371
1261	5	5	1	0:00:03.056876
1262	5	5	1	0:00:03.045109
1263	5	5	1	0:00:03.049663
1264	5	5	1	0:00:03.039565
1265	5	5	1	0:00:03.055215
1266	5	5	1	0:00:03.039232
1267	5	5	1	0:00:03.057712
1268	5	5	1	0:00:03.043223
1269	5	5	1	0:00:03.051209
1270	5	5	1	0:00:03.044130
1271	5	5	1	0:00:03.051613
1272	5	5	1	0:00:03.044260
1273	5	5	1	0:00:03.055561
1274	5	5	1	0:00:03.040735
1275	5	5	1	0:00:03.058010
1276	5	5	1	0:00:03.056721
1277	5	5	1	0:00:03.042258
1278	5	5	1	0:00:03.046991
1279	5	5	1	0:00:03.057546
1280	5	5	1	0:00:03.051884
1281	5	5	1	0:00:03.045360
1282	5	5	1	0:00:03.047687
1283	0	-1	0	0:00:03.054237
1284	0	5	0	0:00:03.061242
1285	0	3	0	0:00:03.044023
1286	0	3	0	0:00:03.050267
1287	0	3	0	0:00:03.059702
1288	0	3	0	0:00:03.055011
1289	0	3	0	0:00:03.046056
1290	0	-1	0	0:00:03.051621
1291	0	3	0	0:00:03.052025
1292	0	-1	0	0:00:03.057329
1293	0	3	0	0:00:03.049024
1294	0	3	0	0:00:03.050655
1295	0	3	0	0:00:03.052027
1296	0	3	0	0:00:03.054045
1297	0	3	0	0:00:03.039866
1298	0	-1	0	0:00:03.063484
1299	0	3	0	0:00:02.351520
1300	0	5	0	0:00:01.482955
1301	0	3	0	0:00:01.479100
1302	0	3	0	0:00:01.478960
1303	0	3	0	0:00:01.479225
1304	0	3	0	0:00:01.477854
1305	0	3	0	0:00:01.472931
1306	0	3	0	0:00:02.254722
1307	0	3	0	0:00:02.979084
1308	0	3	0	0:00:03.030126
1309	0	5	0	0:00:02.997303
1310	2	5	0	0:00:03.044627
1311	2	-1	0	0:00:03.026657
1312	2	-1	0	0:00:03.082061
1313	2	-1	0	0:00:03.057084
1314	2	-1	0	0:00:03.031845
1315	2	5	0	0:00:03.063823
1316	2	5	0	0:00:03.067281
1317	2	3	0	0:00:03.027545
1318	2	-1	0	0:00:03.066310
1319	2	5	0	0:00:03.068939
1320	2	3	0	0:00:03.027380
1321	2	-1	0	0:00:03.050714
1322	2	-1	0	0:00:03.060465
1323	2	5	0	0:00:03.044012
1324	2	3	0	0:00:03.061352
1325	2	3	0	0:00:03.059885
1326	2	-1	0	0:00:03.031076
1327	2	3	0	0:00:03.065384
1328	2	-1	0	0:00:03.062598
1329	2	-1	0	0:00:03.011417
1330	2	-1	0	0:00:03.053459
1331	2	3	0	0:00:03.061178
1332	2	-1	0	0:00:03.020277
1333	2	5	0	0:00:03.064195
1334	2	3	0	0:00:03.058252
1335	1	3	0	0:00:03.050504
1336	1	-1	0	0:00:03.015275
1337	1	3	0	0:00:03.059585
1338	1	-1	0	0:00:03.053614
1339	1	3	0	0:00:03.020561
1340	1	3	0	0:00:03.053366
1341	1	3	0	0:00:03.055879
1342	1	3	0	0:00:03.026842
1343	1	3	0	0:00:03.055179
1344	1	3	0	0:00:03.055077
1345	1	-1	0	0:00:03.053185
1346	1	-1	0	0:00:03.081377
1347	1	3	0	0:00:03.072687
1348	1	3	0	0:00:03.044405
1349	1	3	0	0:00:03.069640
1350	1	-1	0	0:00:03.064703
1351	1	3	0	0:00:03.023283
1352	1	3	0	0:00:03.063325
1353	1	3	0	0:00:03.055816
1354	1	3	0	0:00:03.020116
1355	1	3	0	0:00:03.051934
1356	1	3	0	0:00:03.069532
1357	1	3	0	0:00:03.069781
1358	1	3	0	0:00:03.070226
1359	1	-1	0	0:00:03.034720
1360	1	3	0	0:00:03.061448
1361	1	-1	0	0:00:03.063447
1362	4	-1	0	0:00:03.022582
1363	4	-1	0	0:00:03.065295
1364	4	4	1	0:00:03.048697
1365	4	-1	0	0:00:03.023169
1366	4	4	1	0:00:03.048297
1367	4	4	1	0:00:03.067040
1368	4	4	1	0:00:03.055231
1369	4	4	1	0:00:03.066387
1370	4	4	1	0:00:03.065530
1371	4	4	1	0:00:03.022165
1372	4	4	1	0:00:03.060690
1373	4	4	1	0:00:03.079277
1374	4	4	1	0:00:03.048069
1375	4	4	1	0:00:03.068755
1376	4	4	1	0:00:03.033676
1377	4	3	0	0:00:03.053498
1378	4	3	0	0:00:03.060600
1379	4	4	1	0:00:03.010590
1380	4	4	1	0:00:03.053091
1381	4	4	1	0:00:03.051581
1382	4	4	1	0:00:03.022042
1383	4	4	1	0:00:03.050059
1384	4	4	1	0:00:03.054674
1385	4	4	1	0:00:03.034019
1386	4	4	1	0:00:03.111004
1387	4	4	1	0:00:03.069386
1388	4	4	1	0:00:03.032040
1389	4	3	0	0:00:03.051418
1390	4	3	0	0:00:03.058784
1391	4	3	0	0:00:03.025277
1392	4	3	0	0:00:03.048969
1393	4	4	1	0:00:03.051958
1394	4	3	0	0:00:03.015664
1395	4	3	0	0:00:03.053292
1396	3	3	1	0:00:03.049365
1397	3	3	1	0:00:03.013867
1398	3	3	1	0:00:03.046914
1399	3	3	1	0:00:03.040205
1400	3	3	1	0:00:03.013527
1401	3	3	1	0:00:03.049952
1402	3	3	1	0:00:03.042853
1403	3	3	1	0:00:03.014367
1404	3	3	1	0:00:03.047387
1405	3	3	1	0:00:03.043276
1406	3	3	1	0:00:03.017903
1407	3	-1	0	0:00:03.051225
1408	3	-1	0	0:00:03.044407
1409	3	3	1	0:00:03.011291
1410	3	3	1	0:00:03.046053
1411	3	3	1	0:00:03.038150
1412	3	-1	0	0:00:03.012409
1413	3	-1	0	0:00:03.048338
1414	3	3	1	0:00:03.031851
1415	3	3	1	0:00:03.006102
1416	3	-1	0	0:00:03.035128
1417	3	3	1	0:00:03.061706
1418	3	3	1	0:00:03.082281
1419	5	5	1	0:00:03.071553
1420	5	5	1	0:00:03.022055
1421	5	5	1	0:00:03.041028
1422	5	5	1	0:00:03.039118
1423	5	5	1	0:00:03.032848
1424	5	5	1	0:00:03.044533
1425	5	5	1	0:00:03.052779
1426	5	5	1	0:00:03.013107
1427	5	5	1	0:00:03.062455
1428	5	5	1	0:00:03.097872
1429	5	5	1	0:00:03.045384
1430	5	5	1	0:00:03.065303
1431	5	5	1	0:00:03.027384
1432	5	5	1	0:00:03.056790
1433	5	5	1	0:00:03.093862
1434	5	5	1	0:00:03.041126
1435	5	5	1	0:00:03.074708
1436	5	5	1	0:00:03.076775
1437	5	5	1	0:00:03.052588
1438	5	5	1	0:00:03.061905
1439	5	5	1	0:00:03.046497
1440	5	5	1	0:00:03.050427
1441	5	5	1	0:00:03.058110
1442	5	5	1	0:00:03.033679
1443	5	5	1	0:00:03.051288
1444	5	5	1	0:00:03.047397
1445	5	5	1	0:00:03.013077
1446	5	5	1	0:00:03.070478
1447	5	5	1	0:00:03.105397
1448	5	5	1	0:00:03.035400
1449	5	5	1	0:00:03.085371
1450	5	5	1	0:00:03.045611
1451	5	5	1	0:00:03.058345
1452	0	-1	0	0:00:03.060524
1453	0	-1	0	0:00:03.021501
1454	0	-1	0	0:00:03.053136
1455	0	-1	0	0:00:03.048794
1456	0	3	0	0:00:03.012249
1457	0	-1	0	0:00:03.044849
1458	0	3	0	0:00:03.047599
1459	0	3	0	0:00:03.010165
1460	0	3	0	0:00:03.045570
1461	0	3	0	0:00:03.037847
1462	0	-1	0	0:00:03.035767
1463	0	3	0	0:00:03.082544
1464	0	3	0	0:00:03.044269
1465	0	-1	0	0:00:03.056128
1466	0	3	0	0:00:03.056352
1467	0	-1	0	0:00:03.015073
1468	0	5	0	0:00:03.051290
1469	0	3	0	0:00:03.045055
1470	0	-1	0	0:00:03.015453
1471	0	3	0	0:00:03.013448
1472	0	3	0	0:00:03.038220
1473	0	-1	0	0:00:03.012552
1474	0	3	0	0:00:03.041421
1475	2	-1	0	0:00:03.036786
1476	2	5	0	0:00:03.011284
1477	2	-1	0	0:00:03.041976
1478	2	3	0	0:00:03.038473
1479	2	-1	0	0:00:03.006926
1480	2	-1	0	0:00:03.035203
1481	2	5	0	0:00:03.039201
1482	2	-1	0	0:00:03.005193
1483	2	5	0	0:00:03.045158
1484	2	5	0	0:00:03.040830
1485	2	5	0	0:00:03.010574
1486	2	-1	0	0:00:03.040597
1487	2	5	0	0:00:03.032162
1488	2	-1	0	0:00:03.009729
1489	2	-1	0	0:00:03.033384
1490	2	-1	0	0:00:03.045794
1491	2	5	0	0:00:03.005010
1492	2	-1	0	0:00:03.036849
1493	2	-1	0	0:00:03.040254
1494	2	-1	0	0:00:03.001101
1495	2	5	0	0:00:03.022668
1496	1	3	0	0:00:03.042969
1497	1	3	0	0:00:03.003318
1498	1	3	0	0:00:03.117031
1499	1	3	0	0:00:03.030470
1500	1	-1	0	0:00:03.067383
1501	1	3	0	0:00:03.059184
1502	1	3	0	0:00:03.058383
1503	1	3	0	0:00:03.061047
1504	1	3	0	0:00:03.057472
1505	1	3	0	0:00:03.013743
1506	1	-1	0	0:00:03.050414
1507	1	-1	0	0:00:03.076166
1508	1	-1	0	0:00:03.082535
1509	1	-1	0	0:00:03.066925
1510	1	3	0	0:00:03.024036
1511	1	3	0	0:00:03.076766
1512	1	3	0	0:00:03.072332
1513	1	3	0	0:00:03.055736
1514	1	3	0	0:00:03.075427
1515	1	3	0	0:00:03.031901
1516	1	3	0	0:00:03.087075
1517	1	-1	0	0:00:03.072610
1518	1	3	0	0:00:03.034908
1519	1	3	0	0:00:03.071021
1520	1	3	0	0:00:03.066096
1521	4	4	1	0:00:03.061279
1522	4	4	1	0:00:03.057699
1523	4	4	1	0:00:03.065146
1524	4	4	1	0:00:03.046985
1525	4	4	1	0:00:03.047464
1526	4	4	1	0:00:03.050346
1527	4	4	1	0:00:03.052242
1528	4	4	1	0:00:03.044229
1529	4	4	1	0:00:03.049088
1530	4	4	1	0:00:03.042741
1531	4	4	1	0:00:03.046084
1532	4	4	1	0:00:03.036899
1533	4	4	1	0:00:03.042183
1534	4	4	1	0:00:03.049286
1535	4	4	1	0:00:03.048115
1536	4	4	1	0:00:03.033641
1537	4	4	1	0:00:03.067863
1538	4	4	1	0:00:03.078869
1539	4	4	1	0:00:03.071269
1540	4	4	1	0:00:03.059119
1541	4	4	1	0:00:03.053276
1542	4	4	1	0:00:03.055380
1543	4	4	1	0:00:03.049051
1544	4	4	1	0:00:03.034667
1545	4	4	1	0:00:03.040060
1546	4	4	1	0:00:03.057719
1547	4	3	0	0:00:03.051819
1548	3	3	1	0:00:03.043553
1549	3	3	1	0:00:03.050396
1550	3	3	1	0:00:03.049844
1551	3	3	1	0:00:03.051507
1552	3	3	1	0:00:03.041912
1553	3	3	1	0:00:03.038627
1554	3	3	1	0:00:03.050587
1555	3	3	1	0:00:03.051008
1556	3	3	1	0:00:03.029779
1557	3	3	1	0:00:03.034143
1558	3	3	1	0:00:03.042372
1559	3	3	1	0:00:03.035915
1560	3	3	1	0:00:03.040552
1561	3	3	1	0:00:03.047329
1562	3	-1	0	0:00:03.051615
1563	3	4	0	0:00:03.056405
1564	3	4	0	0:00:03.035067
1565	3	4	0	0:00:03.051192
1566	3	4	0	0:00:03.045702
1567	3	-1	0	0:00:03.046700
1568	3	4	0	0:00:03.030429
1569	3	-1	0	0:00:03.057683
1570	3	4	0	0:00:03.041945
1571	3	-1	0	0:00:03.052870
1572	5	5	1	0:00:03.035034
1573	5	5	1	0:00:03.050873
1574	5	-1	0	0:00:03.047147
1575	5	-1	0	0:00:03.051533
1576	5	-1	0	0:00:03.043640
1577	5	-1	0	0:00:03.054825
1578	5	-1	0	0:00:03.038995
1579	5	-1	0	0:00:03.053940
1580	5	5	1	0:00:03.057901
1581	5	-1	0	0:00:03.037621
1582	5	-1	0	0:00:03.049971
1583	5	-1	0	0:00:03.052269
1584	5	5	1	0:00:03.049202
1585	5	-1	0	0:00:03.046693
1586	5	5	1	0:00:03.043901
1587	5	-1	0	0:00:03.060789
1588	5	-1	0	0:00:03.058792
1589	5	-1	0	0:00:03.044933
1590	5	-1	0	0:00:03.043917
1591	5	-1	0	0:00:03.054624
1592	5	-1	0	0:00:03.043876
1593	5	-1	0	0:00:03.025985
1594	5	5	1	0:00:03.042857
1595	5	5	1	0:00:03.039465
1596	5	5	1	0:00:03.045470
1597	5	5	1	0:00:03.026593
1598	5	-1	0	0:00:03.054492
1599	5	-1	0	0:00:02.352815
1600	5	5	1	0:00:01.455518
1601	5	-1	0	0:00:01.449149
1602	5	-1	0	0:00:01.448153
1603	5	-1	0	0:00:01.447510
1604	5	5	1	0:00:01.450366
1605	0	-1	0	0:00:01.460989
1606	0	-1	0	0:00:01.903019
1607	0	-1	0	0:00:02.971901
1608	0	5	0	0:00:03.040761
1609	0	-1	0	0:00:03.023511
1610	0	-1	0	0:00:03.017297
1611	0	-1	0	0:00:03.054241
1612	0	-1	0	0:00:03.031240
1613	0	5	0	0:00:03.074948
1614	0	-1	0	0:00:03.069553
1615	0	3	0	0:00:03.034152
1616	0	-1	0	0:00:03.065142
1617	0	5	0	0:00:03.072276
1618	0	-1	0	0:00:03.038565
1619	0	5	0	0:00:03.062450
1620	0	5	0	0:00:03.069185
1621	0	3	0	0:00:03.061302
1622	0	-1	0	0:00:03.092262
1623	0	-1	0	0:00:03.087346
1624	0	3	0	0:00:03.053508
1625	0	5	0	0:00:03.071441
1626	0	-1	0	0:00:03.073711
1627	0	5	0	0:00:03.036201
1628	0	5	0	0:00:03.061386
1629	0	-1	0	0:00:03.067635
1630	0	-1	0	0:00:03.035585
1631	0	-1	0	0:00:03.062054
1632	0	5	0	0:00:03.068209
1633	0	-1	0	0:00:03.021901
1634	0	5	0	0:00:03.063354
1635	2	-1	0	0:00:03.060802
1636	2	-1	0	0:00:03.023411
1637	2	-1	0	0:00:03.064431
1638	2	5	0	0:00:03.058896
1639	2	5	0	0:00:03.028048
1640	2	5	0	0:00:03.058741
1641	2	5	0	0:00:03.088022
1642	2	5	0	0:00:03.101918
1643	2	5	0	0:00:03.097443
1644	2	5	0	0:00:03.080280
1645	2	5	0	0:00:03.045093
1646	2	5	0	0:00:03.065336
1647	2	-1	0	0:00:03.062274
1648	2	5	0	0:00:03.034131
1649	2	5	0	0:00:03.119153
1650	2	5	0	0:00:03.084762
1651	2	-1	0	0:00:03.039660
1652	2	5	0	0:00:03.062976
1653	2	5	0	0:00:03.054978
1654	2	3	0	0:00:03.032805
1655	2	5	0	0:00:03.065463
1656	2	5	0	0:00:03.060187
1657	2	-1	0	0:00:03.032973
1658	2	5	0	0:00:03.051963
1659	2	5	0	0:00:03.052779
1660	2	5	0	0:00:03.024222
1661	2	5	0	0:00:03.046600
1662	1	-1	0	0:00:03.044310
1663	1	5	0	0:00:03.020833
1664	1	3	0	0:00:03.054250
1665	1	5	0	0:00:03.045388
1666	1	5	0	0:00:03.056805
1667	1	5	0	0:00:03.071730
1668	1	5	0	0:00:03.041652
1669	1	5	0	0:00:03.087057
1670	1	5	0	0:00:03.081295
1671	1	-1	0	0:00:03.047564
1672	1	-1	0	0:00:03.063908
1673	1	5	0	0:00:03.055297
1674	1	5	0	0:00:03.013343
1675	1	5	0	0:00:03.057072
1676	1	5	0	0:00:03.054793
1677	1	-1	0	0:00:03.011320
1678	1	-1	0	0:00:03.048933
1679	1	5	0	0:00:03.056805
1680	1	5	0	0:00:03.026833
1681	1	-1	0	0:00:03.049935
1682	1	5	0	0:00:03.050732
1683	1	-1	0	0:00:03.014416
1684	1	5	0	0:00:03.055770
1685	1	-1	0	0:00:03.021600
1686	1	5	0	0:00:02.995345
1687	1	-1	0	0:00:03.023526
1688	1	5	0	0:00:03.048081
1689	1	5	0	0:00:03.016593
1690	1	5	0	0:00:03.041368
1691	1	5	0	0:00:03.037351
1692	1	5	0	0:00:03.005766
1693	4	3	0	0:00:03.041092
1694	4	3	0	0:00:03.047148
1695	4	-1	0	0:00:03.010360
1696	4	-1	0	0:00:03.043242
1697	4	-1	0	0:00:03.042397
1698	4	-1	0	0:00:03.009029
1699	4	-1	0	0:00:03.042085
1700	4	-1	0	0:00:03.046127
1701	4	4	1	0:00:03.014955
1702	4	-1	0	0:00:03.024440
1703	4	4	1	0:00:03.030975
1704	4	-1	0	0:00:03.005959
1705	4	-1	0	0:00:03.040532
1706	4	4	1	0:00:03.055011
1707	4	4	1	0:00:03.011047
1708	4	4	1	0:00:03.103174
1709	4	4	1	0:00:03.047764
1710	4	4	1	0:00:03.064610
1711	4	4	1	0:00:03.068538
1712	4	4	1	0:00:03.109942
1713	4	4	1	0:00:03.107899
1714	4	4	1	0:00:03.080099
1715	4	4	1	0:00:03.092147
1716	4	4	1	0:00:03.095737
1717	4	4	1	0:00:03.042359
1718	4	4	1	0:00:03.059612
1719	4	4	1	0:00:03.076684
1720	4	4	1	0:00:03.042856
1721	4	4	1	0:00:03.069293
1722	4	4	1	0:00:03.031878
1723	3	3	1	0:00:03.056013
1724	3	3	1	0:00:03.054269
1725	3	3	1	0:00:03.020150
1726	3	3	1	0:00:03.058563
1727	3	3	1	0:00:03.046280
1728	3	3	1	0:00:03.029212
1729	3	3	1	0:00:03.048596
1730	3	3	1	0:00:03.048779
1731	3	3	1	0:00:03.012143
1732	3	3	1	0:00:03.043928
1733	3	3	1	0:00:03.039008
1734	3	3	1	0:00:03.009066
1735	3	3	1	0:00:03.048203
1736	3	3	1	0:00:03.043952
1737	3	3	1	0:00:02.999801
1738	3	3	1	0:00:03.041277
1739	3	3	1	0:00:03.047168
1740	3	3	1	0:00:03.021198
1741	3	3	1	0:00:03.056525
1742	3	3	1	0:00:03.031066
1743	3	3	1	0:00:03.086475
1744	3	3	1	0:00:03.086236
1745	3	3	1	0:00:03.056911
1746	3	3	1	0:00:03.063655
1747	3	3	1	0:00:03.064526
1748	5	5	1	0:00:03.020679
1749	5	5	1	0:00:03.097477
1750	5	5	1	0:00:03.055221
1751	5	5	1	0:00:03.045957
1752	5	5	1	0:00:03.089217
1753	5	5	1	0:00:03.045775
1754	5	5	1	0:00:03.060314
1755	5	5	1	0:00:03.049623
1756	5	5	1	0:00:03.034640
1757	5	5	1	0:00:03.083223
1758	5	5	1	0:00:03.067127
1759	5	5	1	0:00:03.041924
1760	5	5	1	0:00:03.052245
1761	5	5	1	0:00:03.000167
1762	5	5	1	0:00:03.027102
1763	5	5	1	0:00:03.044393
1764	5	5	1	0:00:03.020591
1765	5	5	1	0:00:03.048593
1766	5	5	1	0:00:03.035919
1767	5	5	1	0:00:03.009500
1768	5	5	1	0:00:03.045637
1769	5	5	1	0:00:03.057378
1770	5	5	1	0:00:03.048256
1771	5	5	1	0:00:03.067935
1772	5	5	1	0:00:03.073678
1773	5	5	1	0:00:03.052525
1774	5	5	1	0:00:03.064976
1775	5	5	1	0:00:03.061905
1776	5	5	1	0:00:03.024160
1777	0	-1	0	0:00:03.060702
1778	0	5	0	0:00:03.022303
1779	0	-1	0	0:00:03.047428
1780	0	-1	0	0:00:03.042747
1781	0	-1	0	0:00:03.007350
1782	0	-1	0	0:00:03.045349
1783	0	-1	0	0:00:03.048248
1784	0	-1	0	0:00:03.010784
1785	0	5	0	0:00:03.042475
1786	0	-1	0	0:00:03.035590
1787	0	-1	0	0:00:03.014619
1788	0	-1	0	0:00:03.049454
1789	0	5	0	0:00:03.048397
1790	0	5	0	0:00:03.014694
1791	0	5	0	0:00:03.090416
1792	0	-1	0	0:00:03.093813
1793	0	-1	0	0:00:03.019598
1794	0	-1	0	0:00:03.049238
1795	0	-1	0	0:00:03.056345
1796	0	5	0	0:00:03.028122
1797	0	-1	0	0:00:03.087968
1798	0	3	0	0:00:03.028814
1799	0	-1	0	0:00:03.070068
1800	0	-1	0	0:00:03.057691
1801	0	-1	0	0:00:03.024499
1802	0	-1	0	0:00:03.057075
1803	0	-1	0	0:00:03.050634
1804	2	3	0	0:00:03.011707
1805	2	-1	0	0:00:03.046176
1806	2	5	0	0:00:03.048075
1807	2	-1	0	0:00:03.018881
1808	2	-1	0	0:00:03.052522
1809	2	3	0	0:00:03.044986
1810	2	-1	0	0:00:03.016406
1811	2	3	0	0:00:03.047925
1812	2	-1	0	0:00:03.044943
1813	2	5	0	0:00:03.016380
1814	2	5	0	0:00:03.034926
1815	2	5	0	0:00:03.036833
1816	2	-1	0	0:00:03.014209
1817	2	3	0	0:00:03.045839
1818	2	5	0	0:00:03.039003
1819	2	5	0	0:00:03.016141
1820	2	5	0	0:00:03.058664
1821	2	3	0	0:00:03.060011
1822	2	3	0	0:00:03.070357
1823	2	5	0	0:00:03.085786
1824	1	3	0	0:00:03.073496
1825	1	-1	0	0:00:03.059263
1826	1	5	0	0:00:03.049888
1827	1	-1	0	0:00:03.061625
1828	1	3	0	0:00:03.060644
1829	1	-1	0	0:00:03.040844
1830	1	-1	0	0:00:03.043256
1831	1	3	0	0:00:03.055240
1832	1	3	0	0:00:03.057340
1833	1	3	0	0:00:03.051587
1834	1	3	0	0:00:03.046774
1835	1	-1	0	0:00:03.053206
1836	1	3	0	0:00:03.054580
1837	1	3	0	0:00:03.043844
1838	1	3	0	0:00:03.038888
1839	1	-1	0	0:00:03.053342
1840	1	3	0	0:00:03.051411
1841	1	3	0	0:00:03.035735
1842	1	5	0	0:00:03.041865
1843	1	-1	0	0:00:03.052201
1844	1	-1	0	0:00:03.053834
1845	1	3	0	0:00:03.057097
1846	1	3	0	0:00:03.043010
1847	1	3	0	0:00:03.049245
1848	4	-1	0	0:00:03.053625
1849	4	-1	0	0:00:03.041114
1850	4	4	1	0:00:03.041319
1851	4	-1	0	0:00:03.056136
1852	4	-1	0	0:00:03.049636
1853	4	-1	0	0:00:03.044784
1854	4	-1	0	0:00:03.045586
1855	4	-1	0	0:00:03.051117
1856	4	4	1	0:00:03.052950
1857	4	-1	0	0:00:03.045326
1858	4	4	1	0:00:03.044284
1859	4	-1	0	0:00:03.036685
1860	4	-1	0	0:00:03.059307
1861	4	-1	0	0:00:03.039219
1862	4	-1	0	0:00:03.044401
1863	4	-1	0	0:00:03.043263
1864	4	-1	0	0:00:03.046870
1865	4	-1	0	0:00:03.048778
1866	4	-1	0	0:00:03.053612
1867	4	-1	0	0:00:03.051289
1868	4	4	1	0:00:03.057204
1869	4	4	1	0:00:03.038265
1870	4	4	1	0:00:03.126427
1871	4	4	1	0:00:03.105747
1872	4	4	1	0:00:03.085952
1873	4	4	1	0:00:03.067588
1874	4	4	1	0:00:03.055901
1875	4	4	1	0:00:03.078464
1876	4	4	1	0:00:03.073900
1877	4	4	1	0:00:03.055847
1878	4	4	1	0:00:03.063330
1879	4	4	1	0:00:03.102677
1880	4	4	1	0:00:03.083842
1881	4	4	1	0:00:03.059865
1882	4	4	1	0:00:03.056278
1883	4	4	1	0:00:03.063798
1884	4	4	1	0:00:03.069941
1885	4	4	1	0:00:03.047169
1886	4	4	1	0:00:03.052360
1887	4	4	1	0:00:03.060122
1888	3	3	1	0:00:03.064063
1889	3	3	1	0:00:03.052368
1890	3	3	1	0:00:03.053367
1891	3	3	1	0:00:03.057721
1892	3	3	1	0:00:03.053940
1893	3	3	1	0:00:03.045455
1894	3	3	1	0:00:03.047398
1895	3	3	1	0:00:03.057197
1896	3	3	1	0:00:03.062242
1897	3	3	1	0:00:03.045854
1898	3	3	1	0:00:03.052022
1899	3	3	1	0:00:02.319160
1900	3	3	1	0:00:01.472112
1901	3	3	1	0:00:01.475710
1902	3	3	1	0:00:01.470689
1903	3	3	1	0:00:01.470161
1904	3	3	1	0:00:01.477870
1905	3	3	1	0:00:01.474973
1906	3	3	1	0:00:02.241966
1907	3	3	1	0:00:02.999661
1908	3	3	1	0:00:02.988624
1909	3	3	1	0:00:02.995798
1910	3	3	1	0:00:03.019933
1911	3	3	1	0:00:03.000633
1912	3	3	1	0:00:03.014794
1913	3	3	1	0:00:03.041799
1914	3	3	1	0:00:03.015232
1915	3	3	1	0:00:03.062724
1916	3	3	1	0:00:03.086489
1917	3	3	1	0:00:03.070479
1918	5	5	1	0:00:03.079220
1919	5	5	1	0:00:03.085313
1920	5	5	1	0:00:03.050962
1921	5	5	1	0:00:03.130655
1922	5	5	1	0:00:03.080953
1923	5	5	1	0:00:03.076154
1924	5	5	1	0:00:03.076589
1925	5	5	1	0:00:03.051257
1926	5	5	1	0:00:03.063137
1927	5	5	1	0:00:03.068934
1928	5	5	1	0:00:03.049449
1929	5	5	1	0:00:03.041768
1930	5	5	1	0:00:03.071914
1931	5	5	1	0:00:03.059355
1932	5	5	1	0:00:03.130723
1933	5	5	1	0:00:03.084434
1934	5	5	1	0:00:03.051696
1935	5	5	1	0:00:03.070029
1936	5	5	1	0:00:03.063147
1937	5	5	1	0:00:03.035343
1938	5	5	1	0:00:03.061858
1939	5	5	1	0:00:03.064522
1940	5	5	1	0:00:03.025201
1941	5	5	1	0:00:03.066524
1942	5	5	1	0:00:03.069065
1943	5	5	1	0:00:03.009565
1944	5	5	1	0:00:03.040338
1945	5	5	1	0:00:03.051642
1946	5	5	1	0:00:03.030734
1947	5	5	1	0:00:03.045763
1948	5	5	1	0:00:03.054822
1949	5	5	1	0:00:03.018437
1950	0	3	0	0:00:03.095889
1951	0	3	0	0:00:03.091780
1952	0	3	0	0:00:03.042852
1953	0	3	0	0:00:03.078038
1954	0	3	0	0:00:03.061838
1955	0	3	0	0:00:03.059100
1956	0	3	0	0:00:03.086505
1957	0	3	0	0:00:03.061386
1958	0	3	0	0:00:03.047781
1959	0	3	0	0:00:03.079918
1960	0	-1	0	0:00:03.048293
1961	0	3	0	0:00:03.079852
1962	0	3	0	0:00:03.097095
1963	0	3	0	0:00:03.047614
1964	0	3	0	0:00:03.075719
1965	0	3	0	0:00:03.082795
1966	0	3	0	0:00:03.060443
1967	0	3	0	0:00:03.077160
1968	0	3	0	0:00:03.076898
1969	0	3	0	0:00:03.075406
1970	0	3	0	0:00:03.094012
1971	0	-1	0	0:00:03.056567
1972	0	3	0	0:00:03.112808
1973	0	3	0	0:00:03.107986
1974	0	3	0	0:00:03.093833
1975	0	3	0	0:00:03.095596
1976	0	3	0	0:00:03.066414
1977	0	3	0	0:00:03.105294
1978	0	3	0	0:00:03.078683
1979	2	3	0	0:00:03.047225
1980	2	3	0	0:00:03.073833
1981	2	5	0	0:00:03.052461
1982	2	-1	0	0:00:03.025632
1983	2	-1	0	0:00:03.064381
1984	2	3	0	0:00:03.019125
1985	2	3	0	0:00:03.057159
1986	2	3	0	0:00:03.046068
1987	2	3	0	0:00:03.053876
1988	2	5	0	0:00:03.078921
1989	1	3	0	0:00:03.060690
1990	1	3	0	0:00:03.020081
1991	1	3	0	0:00:03.054466
1992	1	3	0	0:00:03.056726
1993	1	3	0	0:00:03.027494
1994	1	3	0	0:00:03.080519
1995	1	3	0	0:00:03.069799
1996	1	3	0	0:00:03.116379
1997	1	3	0	0:00:03.081193
1998	1	3	0	0:00:03.041051
1999	2	3	0	0:00:03.087341
2000	2	3	0	0:00:03.063160
2001	2	3	0	0:00:03.078321
2002	2	-1	0	0:00:03.073498
2003	2	3	0	0:00:03.026413
2004	2	5	0	0:00:03.098742
2005	2	5	0	0:00:03.089040
2006	2	3	0	0:00:03.052197
2007	2	3	0	0:00:03.064691
2008	1	3	0	0:00:03.029877
2009	1	3	0	0:00:03.052669
2010	1	3	0	0:00:03.055983
2011	1	3	0	0:00:03.004293
2012	1	3	0	0:00:03.037275
2013	1	3	0	0:00:03.092534
2014	1	3	0	0:00:03.049366
2015	1	3	0	0:00:03.094971
2016	1	3	0	0:00:03.080941
2017	2	3	0	0:00:03.034477
2018	2	3	0	0:00:03.058688
2019	2	-1	0	0:00:03.023117
2020	2	3	0	0:00:03.057473
2021	2	3	0	0:00:03.036293
2022	2	-1	0	0:00:02.977010
2023	2	5	0	0:00:03.019770
2024	2	3	0	0:00:03.048151
2025	2	3	0	0:00:03.012367
2026	1	3	0	0:00:03.045437
2027	1	3	0	0:00:03.053990
2028	1	3	0	0:00:03.015993
2029	1	3	0	0:00:03.041698
2030	1	3	0	0:00:03.039863
2031	1	3	0	0:00:03.010043
2032	1	-1	0	0:00:03.048658
2033	1	3	0	0:00:03.039567
2034	1	3	0	0:00:03.007879
2035	1	3	0	0:00:03.036905
2036	4	4	1	0:00:03.047881
2037	4	4	1	0:00:03.066248
2038	4	4	1	0:00:03.077305
2039	4	4	1	0:00:03.041419
2040	4	4	1	0:00:03.085947
2041	4	4	1	0:00:03.075176
2042	4	4	1	0:00:03.034216
2043	4	4	1	0:00:03.054780
2044	4	4	1	0:00:03.031159
2045	4	4	1	0:00:03.041273
2046	4	4	1	0:00:03.049778
2047	4	4	1	0:00:03.011587
2048	4	4	1	0:00:03.046815
2049	4	4	1	0:00:03.051486
2050	4	4	1	0:00:03.018588
2051	4	4	1	0:00:03.041293
2052	4	4	1	0:00:03.028969
2053	4	4	1	0:00:02.993758
2054	4	4	1	0:00:03.046056
2055	4	4	1	0:00:03.023934
2056	4	4	1	0:00:02.986593
2057	4	4	1	0:00:03.041913
2058	4	4	1	0:00:03.048030
2059	4	4	1	0:00:03.015376
2060	4	4	1	0:00:03.037922
2061	4	4	1	0:00:03.043145
2062	4	4	1	0:00:03.015073
2063	4	4	1	0:00:03.025802
2064	4	4	1	0:00:03.043080
2065	4	4	1	0:00:03.016821
2066	4	4	1	0:00:03.042594
2067	4	4	1	0:00:03.089568
2068	4	4	1	0:00:03.049821
2069	3	3	1	0:00:03.070827
2070	3	3	1	0:00:03.036142
2071	3	3	1	0:00:03.088727
2072	3	3	1	0:00:03.074063
2073	3	3	1	0:00:03.037999
2074	3	3	1	0:00:03.077982
2075	3	3	1	0:00:03.123402
2076	3	3	1	0:00:03.062599
2077	3	3	1	0:00:03.083689
2078	3	3	1	0:00:03.023583
2079	3	3	1	0:00:03.060351
2080	3	3	1	0:00:03.054800
2081	3	3	1	0:00:03.020671
2082	3	3	1	0:00:03.051406
2083	3	3	1	0:00:03.127634
2084	3	-1	0	0:00:03.096743
2085	3	-1	0	0:00:03.098068
2086	3	-1	0	0:00:03.106767
2087	3	-1	0	0:00:03.091244
2088	3	-1	0	0:00:03.062975
2089	3	3	1	0:00:03.040107
2090	3	-1	0	0:00:03.052140
2091	3	-1	0	0:00:03.057448
2092	3	-1	0	0:00:03.018408
2093	3	-1	0	0:00:03.062340
2094	3	-1	0	0:00:03.025347
2095	3	3	1	0:00:03.078999
2096	5	5	1	0:00:03.084281
2097	5	5	1	0:00:03.030581
2098	5	5	1	0:00:03.050498
2099	5	5	1	0:00:03.053910
2100	5	5	1	0:00:03.018842
2101	5	5	1	0:00:03.056062
2102	5	5	1	0:00:03.044386
2103	5	5	1	0:00:03.014637
2104	5	5	1	0:00:03.045443
2105	5	5	1	0:00:03.043374
2106	5	5	1	0:00:03.032140
2107	5	5	1	0:00:03.043081
2108	5	5	1	0:00:03.040202
2109	5	5	1	0:00:03.007062
2110	5	5	1	0:00:03.044734
2111	5	5	1	0:00:03.032623
2112	5	5	1	0:00:03.016012
2113	5	5	1	0:00:03.043405
2114	5	5	1	0:00:03.027199
2115	5	5	1	0:00:03.025081
2116	5	5	1	0:00:03.082159
2117	5	5	1	0:00:03.064016
2118	5	5	1	0:00:03.067987
2119	5	5	1	0:00:03.062959
2120	5	5	1	0:00:03.065420
2121	5	5	1	0:00:03.058980
2122	5	5	1	0:00:03.097610
2123	5	5	1	0:00:03.062753
2124	5	5	1	0:00:03.065547
2125	5	5	1	0:00:03.058422
2126	5	5	1	0:00:03.062263
2127	5	5	1	0:00:03.046642
2128	5	5	1	0:00:03.055654
2129	0	3	0	0:00:03.053541
2130	0	3	0	0:00:03.050394
2131	0	3	0	0:00:03.042183
2132	0	-1	0	0:00:03.058126
2133	0	3	0	0:00:03.051585
2134	0	3	0	0:00:03.046972
2135	0	3	0	0:00:03.034081
2136	0	3	0	0:00:03.047383
2137	0	-1	0	0:00:03.048187
2138	0	3	0	0:00:03.052497
2139	0	-1	0	0:00:03.039869
2140	0	3	0	0:00:03.049716
2141	0	3	0	0:00:03.052022
2142	0	3	0	0:00:03.185492
2143	0	3	0	0:00:03.069227
2144	0	3	0	0:00:03.063112
2145	0	-1	0	0:00:03.058921
2146	0	-1	0	0:00:03.057468
2147	0	3	0	0:00:03.045792
2148	0	3	0	0:00:03.044104
2149	0	3	0	0:00:03.055475
2150	0	3	0	0:00:03.052075
2151	0	3	0	0:00:03.045826
2152	0	3	0	0:00:03.047185
2153	0	-1	0	0:00:03.058803
2154	0	3	0	0:00:03.050496
2155	0	3	0	0:00:03.041174
2156	2	3	0	0:00:03.046840
2157	2	3	0	0:00:03.047732
2158	2	-1	0	0:00:03.035441
2159	2	-1	0	0:00:03.028380
2160	2	5	0	0:00:03.045674
2161	2	5	0	0:00:03.081176
2162	2	5	0	0:00:03.091635
2163	2	-1	0	0:00:03.062119
2164	2	3	0	0:00:03.055121
2165	2	3	0	0:00:03.064032
2166	2	3	0	0:00:03.063204
2167	2	5	0	0:00:03.042143
2168	2	5	0	0:00:03.050702
2169	2	-1	0	0:00:03.057539
2170	2	-1	0	0:00:03.056435
2171	2	-1	0	0:00:03.049984
2172	2	-1	0	0:00:03.052494
2173	2	3	0	0:00:03.056778
2174	1	3	0	0:00:03.054345
2175	1	-1	0	0:00:03.045071
2176	1	5	0	0:00:03.045684
2177	1	5	0	0:00:03.055772
2178	1	3	0	0:00:03.051478
2179	1	3	0	0:00:03.042793
2180	1	3	0	0:00:03.052173
2181	1	3	0	0:00:03.050007
2182	1	3	0	0:00:03.054451
2183	1	3	0	0:00:03.043111
2184	1	3	0	0:00:03.059865
2185	1	-1	0	0:00:03.041689
2186	1	5	0	0:00:03.053556
2187	1	-1	0	0:00:03.043457
2188	1	3	0	0:00:03.059546
2189	1	-1	0	0:00:03.037045
2190	1	3	0	0:00:03.058578
2191	1	3	0	0:00:03.046293
2192	1	3	0	0:00:03.055657
2193	1	3	0	0:00:03.047671
2194	1	3	0	0:00:03.053069
2195	1	3	0	0:00:03.045312
2196	1	-1	0	0:00:03.055219
2197	1	-1	0	0:00:03.043607
2198	1	-1	0	0:00:02.165660
2199	1	-1	0	0:00:01.474276
2200	1	-1	0	0:00:01.470004
2201	1	3	0	0:00:01.507322
2202	1	3	0	0:00:01.467633
2203	2	3	0	0:00:01.467434
2204	2	3	0	0:00:01.506648
2205	2	5	0	0:00:02.146235
2206	2	5	0	0:00:02.998767
2207	2	-1	0	0:00:03.000712
2208	2	5	0	0:00:02.978321
2209	2	5	0	0:00:03.012976
2210	2	3	0	0:00:03.016683
2211	2	-1	0	0:00:03.004405
2212	4	-1	0	0:00:03.046089
2213	4	3	0	0:00:03.037184
2214	4	3	0	0:00:03.031257
2215	4	-1	0	0:00:03.050917
2216	4	-1	0	0:00:03.050418
2217	4	-1	0	0:00:03.019892
2218	4	-1	0	0:00:03.041715
2219	4	-1	0	0:00:03.036397
2220	4	-1	0	0:00:03.030102
2221	4	-1	0	0:00:03.059512
2222	4	-1	0	0:00:03.071006
2223	4	-1	0	0:00:03.029531
2224	4	-1	0	0:00:03.053798
2225	4	-1	0	0:00:03.064107
2226	4	-1	0	0:00:03.040500
2227	4	-1	0	0:00:03.085963
2228	4	-1	0	0:00:03.078627
2229	4	-1	0	0:00:03.056737
2230	4	3	0	0:00:03.069924
2231	4	3	0	0:00:03.067082
2232	4	3	0	0:00:03.042843
2233	4	-1	0	0:00:03.059402
2234	4	-1	0	0:00:03.067200
2235	4	3	0	0:00:03.041956
2236	4	3	0	0:00:03.062776
2237	4	-1	0	0:00:03.061868
2238	4	4	1	0:00:03.035740
2239	4	4	1	0:00:03.058227
2240	4	-1	0	0:00:03.087767
2241	4	4	1	0:00:03.066034
2242	4	-1	0	0:00:03.085355
2243	4	-1	0	0:00:03.068636
2244	4	-1	0	0:00:03.062080
2245	4	4	1	0:00:03.064774
2246	4	4	1	0:00:03.099626
2247	4	-1	0	0:00:03.054586
2248	4	3	0	0:00:03.065422
2249	4	3	0	0:00:03.031471
2250	3	3	1	0:00:03.058730
2251	3	3	1	0:00:03.043251
2252	3	3	1	0:00:03.023457
2253	3	3	1	0:00:03.044559
2254	3	3	1	0:00:03.031516
2255	3	3	1	0:00:03.021156
2256	3	3	1	0:00:03.056111
2257	3	3	1	0:00:03.058180
2258	3	3	1	0:00:03.012435
2259	3	3	1	0:00:03.033465
2260	3	3	1	0:00:03.042502
2261	3	3	1	0:00:03.021365
2262	3	3	1	0:00:03.033811
2263	3	3	1	0:00:03.049735
2264	3	3	1	0:00:03.022098
2265	3	3	1	0:00:03.054792
2266	3	3	1	0:00:03.048761
2267	3	3	1	0:00:03.045244
2268	3	3	1	0:00:03.084308
2269	3	3	1	0:00:03.112404
2270	3	3	1	0:00:03.044817
2271	3	3	1	0:00:03.116828
2272	3	3	1	0:00:03.062990
2273	3	3	1	0:00:03.049200
2274	3	3	1	0:00:03.066625
2275	3	3	1	0:00:03.024450
2276	3	3	1	0:00:03.052352
2277	3	3	1	0:00:03.055692
2278	3	3	1	0:00:03.013236
2279	3	3	1	0:00:03.054613
2280	3	3	1	0:00:03.054020
2281	3	3	1	0:00:03.022155
2282	3	3	1	0:00:03.049225
2283	3	3	1	0:00:03.047656
2284	3	3	1	0:00:03.059567
2285	3	3	1	0:00:03.080092
2286	5	5	1	0:00:03.063505
2287	5	5	1	0:00:03.021784
2288	5	5	1	0:00:03.053933
2289	5	5	1	0:00:03.035175
2290	5	5	1	0:00:03.084035
2291	5	5	1	0:00:03.062752
2292	5	5	1	0:00:03.031611
2293	5	5	1	0:00:03.063990
2294	5	5	1	0:00:03.043939
2295	5	5	1	0:00:03.022493
2296	5	5	1	0:00:03.049412
2297	5	5	1	0:00:03.048524
2298	5	5	1	0:00:03.015656
2299	5	5	1	0:00:03.048535
2300	5	5	1	0:00:03.035654
2301	5	5	1	0:00:03.016495
2302	5	5	1	0:00:03.042694
2303	5	5	1	0:00:03.027213
2304	5	5	1	0:00:03.041779
2305	5	5	1	0:00:03.086046
2306	5	5	1	0:00:03.048155
2307	5	5	1	0:00:03.058736
2308	5	5	1	0:00:03.054628
2309	5	5	1	0:00:02.996403
2310	5	5	1	0:00:03.034285
2311	5	5	1	0:00:03.049310
2312	5	5	1	0:00:03.018581
2313	5	5	1	0:00:03.044332
2314	5	5	1	0:00:03.045322
2315	5	5	1	0:00:03.017599
2316	5	5	1	0:00:03.052446
2317	0	-1	0	0:00:03.038754
2318	0	-1	0	0:00:03.014143
2319	0	-1	0	0:00:03.037839
2320	0	-1	0	0:00:03.025504
2321	0	-1	0	0:00:02.983643
2322	0	3	0	0:00:03.033501
2323	0	-1	0	0:00:03.023585
2324	0	-1	0	0:00:03.002874
2325	0	-1	0	0:00:03.042526
2326	0	-1	0	0:00:03.025243
2327	0	-1	0	0:00:03.038313
2328	0	-1	0	0:00:03.042089
2329	0	-1	0	0:00:03.008353
2330	0	-1	0	0:00:03.040679
2331	0	-1	0	0:00:03.044763
2332	0	-1	0	0:00:03.020736
2333	0	-1	0	0:00:03.034083
2334	0	-1	0	0:00:03.052656
2335	0	5	0	0:00:03.006919
2336	0	5	0	0:00:03.044108
2337	0	-1	0	0:00:03.042610
2338	0	-1	0	0:00:03.012665
2339	0	-1	0	0:00:03.044400
2340	0	-1	0	0:00:03.051749
2341	0	-1	0	0:00:03.025402
2342	0	5	0	0:00:03.037069
2343	0	3	0	0:00:03.029655
2344	2	5	0	0:00:03.024901
2345	2	5	0	0:00:03.037579
2346	2	-1	0	0:00:03.009409
2347	2	5	0	0:00:03.036034
2348	2	5	0	0:00:03.042485
2349	2	5	0	0:00:03.006710
2350	2	5	0	0:00:03.035824
2351	2	5	0	0:00:03.043527
2352	2	-1	0	0:00:03.012090
2353	2	5	0	0:00:03.029092
2354	2	5	0	0:00:03.037759
2355	2	-1	0	0:00:03.010064
2356	2	5	0	0:00:03.036642
2357	2	5	0	0:00:03.039204
2358	2	-1	0	0:00:02.997741
2359	2	5	0	0:00:03.041368
2360	2	5	0	0:00:03.037778
2361	2	5	0	0:00:03.008744
2362	2	5	0	0:00:03.031275
2363	2	5	0	0:00:03.054994
2364	2	5	0	0:00:03.010978
2365	2	5	0	0:00:03.036793
2366	1	5	0	0:00:03.046511
2367	1	5	0	0:00:03.023106
2368	1	3	0	0:00:03.035542
2369	1	5	0	0:00:02.997715
2370	1	5	0	0:00:03.029847
2371	1	5	0	0:00:03.028338
2372	1	5	0	0:00:02.986244
2373	1	5	0	0:00:03.048333
2374	1	5	0	0:00:03.075292
2375	1	5	0	0:00:03.027897
2376	1	-1	0	0:00:03.056351
2377	1	5	0	0:00:03.053238
2378	1	5	0	0:00:03.020071
2379	1	5	0	0:00:03.048350
2380	1	5	0	0:00:03.036625
2381	1	5	0	0:00:03.012813
2382	1	5	0	0:00:03.034747
2383	1	5	0	0:00:03.046762
2384	1	5	0	0:00:03.019228
2385	1	5	0	0:00:03.044174
2386	1	5	0	0:00:03.038007
2387	1	5	0	0:00:03.012399
2388	1	5	0	0:00:03.041421
2389	1	5	0	0:00:03.021840
2390	1	5	0	0:00:03.022571
2391	1	5	0	0:00:03.034867
2392	4	3	0	0:00:02.991440
2393	4	-1	0	0:00:03.044782
2394	4	4	1	0:00:03.043655
2395	4	-1	0	0:00:03.017960
2396	4	4	1	0:00:03.043289
2397	4	4	1	0:00:03.039876
2398	4	4	1	0:00:03.007381
2399	4	4	1	0:00:03.042902
2400	4	4	1	0:00:03.036736
2401	4	4	1	0:00:03.009373
2402	4	4	1	0:00:03.025404
2403	4	4	1	0:00:03.034355
2404	4	3	0	0:00:03.008976
2405	4	3	0	0:00:03.043672
2406	4	3	0	0:00:03.035028
2407	4	-1	0	0:00:03.010018
2408	4	-1	0	0:00:03.038033
2409	4	4	1	0:00:03.033025
2410	4	4	1	0:00:03.007750
2411	4	4	1	0:00:03.043410
2412	4	3	0	0:00:03.029778
2413	4	3	0	0:00:03.020449
2414	4	-1	0	0:00:03.037836
2415	4	4	1	0:00:03.015978
2416	4	4	1	0:00:03.038021
2417	4	4	1	0:00:03.038509
2418	4	4	1	0:00:03.010162
2419	4	4	1	0:00:03.062020
2420	4	4	1	0:00:03.037685
2421	4	-1	0	0:00:03.057657
2422	4	-1	0	0:00:03.046100
2423	4	4	1	0:00:03.046976
2424	4	4	1	0:00:03.039752
2425	4	4	1	0:00:03.030558
2426	4	4	1	0:00:03.022671
2427	3	-1	0	0:00:03.040940
2428	3	-1	0	0:00:03.014722
2429	3	3	1	0:00:03.039615
2430	3	3	1	0:00:03.041896
2431	3	3	1	0:00:03.046665
2432	3	3	1	0:00:03.037757
2433	3	3	1	0:00:03.049999
2434	3	3	1	0:00:03.037698
2435	3	3	1	0:00:03.050586
2436	3	3	1	0:00:03.037995
2437	3	3	1	0:00:03.043551
2438	3	3	1	0:00:03.037011
2439	3	3	1	0:00:03.049536
2440	3	3	1	0:00:03.043288
2441	3	3	1	0:00:03.044207
2442	3	3	1	0:00:03.035601
2443	3	-1	0	0:00:03.052404
2444	3	-1	0	0:00:03.047602
2445	3	-1	0	0:00:03.041560
2446	3	-1	0	0:00:03.047793
2447	3	-1	0	0:00:03.051137
2448	3	-1	0	0:00:03.051458
2449	3	-1	0	0:00:03.041964
2450	3	-1	0	0:00:03.035309
2451	3	-1	0	0:00:03.045902
2452	3	-1	0	0:00:03.048963
2453	3	-1	0	0:00:03.040388
2454	3	-1	0	0:00:03.038039
2455	3	-1	0	0:00:03.052459
2456	3	-1	0	0:00:03.050285
2457	5	5	1	0:00:03.037849
2458	5	5	1	0:00:03.030671
2459	5	5	1	0:00:03.050911
2460	5	5	1	0:00:03.052385
2461	5	5	1	0:00:03.042647
2462	5	5	1	0:00:03.041277
2463	5	5	1	0:00:03.054371
2464	5	5	1	0:00:03.055939
2465	5	5	1	0:00:03.041477
2466	5	5	1	0:00:03.047055
2467	5	5	1	0:00:03.054708
2468	5	5	1	0:00:03.049596
2469	5	5	1	0:00:03.044119
2470	5	5	1	0:00:03.045322
2471	5	5	1	0:00:03.050551
2472	5	5	1	0:00:03.056600
2473	5	5	1	0:00:03.038908
2474	5	5	1	0:00:03.056438
2475	5	5	1	0:00:03.047937
2476	5	5	1	0:00:03.050654
2477	5	5	1	0:00:03.041098
2478	5	5	1	0:00:03.058121
2479	5	5	1	0:00:03.043378
2480	5	5	1	0:00:03.055114
2481	5	5	1	0:00:03.039456
2482	5	5	1	0:00:03.054604
2483	5	5	1	0:00:03.050387
2484	5	5	1	0:00:03.066572
2485	5	5	1	0:00:03.041498
2486	5	5	1	0:00:03.058484
2487	5	5	1	0:00:03.046349
2488	5	5	1	0:00:03.060056
2489	5	5	1	0:00:03.055222
2490	5	5	1	0:00:03.048490
2491	5	5	1	0:00:03.044757
2492	5	5	1	0:00:03.056651
2493	5	5	1	0:00:03.056828
2494	0	-1	0	0:00:03.046188
2495	0	5	0	0:00:03.046533
2496	0	5	0	0:00:03.052095
2497	0	5	0	0:00:03.060660
2498	0	5	0	0:00:02.891051
2499	0	5	0	0:00:01.509374
2500	0	5	0	0:00:01.534154
2501	0	5	0	0:00:01.541751
2502	0	5	0	0:00:01.554988
2503	0	5	0	0:00:01.516189
2504	0	5	0	0:00:01.510283
2505	0	5	0	0:00:01.722160
2506	0	5	0	0:00:03.000007
2507	0	5	0	0:00:02.977203
2508	0	5	0	0:00:03.004867
2509	0	5	0	0:00:03.007595
2510	0	-1	0	0:00:02.993073
2511	0	5	0	0:00:03.037681
2512	0	5	0	0:00:03.034841
2513	0	5	0	0:00:03.003264
2514	0	5	0	0:00:03.051765
2515	0	5	0	0:00:03.054826
2516	0	5	0	0:00:03.030260
2517	0	5	0	0:00:03.055714
2518	2	-1	0	0:00:03.061663
2519	2	5	0	0:00:03.031794
2520	2	5	0	0:00:03.062484
2521	2	5	0	0:00:03.069269
2522	2	5	0	0:00:03.074927
2523	2	5	0	0:00:03.114539
2524	2	-1	0	0:00:03.098698
2525	2	5	0	0:00:03.057278
2526	2	5	0	0:00:03.066960
2527	2	-1	0	0:00:03.077801
2528	2	5	0	0:00:03.041986
2529	2	5	0	0:00:03.069535
2530	2	5	0	0:00:03.049081
2531	2	5	0	0:00:03.034328
2532	2	5	0	0:00:03.072973
2533	2	3	0	0:00:03.070874
2534	2	5	0	0:00:03.041444
2535	2	5	0	0:00:03.057496
2536	2	5	0	0:00:03.058482
2537	2	5	0	0:00:03.027672
2538	2	5	0	0:00:03.055758
2539	2	5	0	0:00:03.056877
2540	2	5	0	0:00:03.025768
2541	1	5	0	0:00:03.106036
2542	1	5	0	0:00:03.059500
2543	1	5	0	0:00:03.028211
2544	1	5	0	0:00:03.061075
2545	1	5	0	0:00:03.054595
2546	1	5	0	0:00:03.024737
2547	1	3	0	0:00:03.060610
2548	1	3	0	0:00:03.054582
2549	1	5	0	0:00:03.029830
2550	1	5	0	0:00:03.059154
2551	1	5	0	0:00:03.040534
2552	1	5	0	0:00:03.032776
2553	1	3	0	0:00:03.049378
2554	1	3	0	0:00:03.045128
2555	1	5	0	0:00:03.016067
2556	1	5	0	0:00:03.091947
2557	1	-1	0	0:00:03.059417
2558	1	5	0	0:00:03.080616
2559	1	5	0	0:00:03.077591
2560	1	5	0	0:00:03.037323
2561	1	5	0	0:00:03.065383
2562	1	-1	0	0:00:03.073758
2563	1	5	0	0:00:03.030700
2564	1	3	0	0:00:03.057715
2565	1	3	0	0:00:03.054322
2566	4	3	0	0:00:03.087358
2567	4	-1	0	0:00:03.078709
2568	4	-1	0	0:00:03.032723
2569	4	-1	0	0:00:03.072594
2570	4	4	1	0:00:03.064953
2571	4	-1	0	0:00:03.027413
2572	4	-1	0	0:00:03.050932
2573	4	-1	0	0:00:03.053427
2574	4	-1	0	0:00:03.025112
2575	4	-1	0	0:00:03.049701
2576	4	-1	0	0:00:03.050399
2577	4	-1	0	0:00:03.025550
2578	4	-1	0	0:00:03.050127
2579	4	-1	0	0:00:03.039088
2580	4	-1	0	0:00:03.018979
2581	4	-1	0	0:00:03.046105
2582	4	-1	0	0:00:03.055198
2583	4	-1	0	0:00:03.024019
2584	4	4	1	0:00:03.052293
2585	4	4	1	0:00:03.068336
2586	4	4	1	0:00:03.056355
2587	4	4	1	0:00:03.056987
2588	4	4	1	0:00:03.034122
2589	4	4	1	0:00:03.064309
2590	4	4	1	0:00:03.045485
2591	4	4	1	0:00:03.028963
2592	4	4	1	0:00:03.048267
2593	4	4	1	0:00:03.054966
2594	4	4	1	0:00:03.058579
2595	4	4	1	0:00:03.073442
2596	4	4	1	0:00:03.065889
2597	4	4	1	0:00:03.016050
2598	4	4	1	0:00:03.044274
2599	3	3	1	0:00:03.036167
2600	3	3	1	0:00:03.008511
2601	3	3	1	0:00:03.049188
2602	3	3	1	0:00:03.043853
2603	3	3	1	0:00:03.025640
2604	3	3	1	0:00:03.055192
2605	3	3	1	0:00:03.021822
2606	3	3	1	0:00:03.101788
2607	3	3	1	0:00:03.072354
2608	3	3	1	0:00:03.040824
2609	3	3	1	0:00:03.042754
2610	3	3	1	0:00:03.046783
2611	3	3	1	0:00:03.029799
2612	3	3	1	0:00:03.045220
2613	3	3	1	0:00:03.055306
2614	3	3	1	0:00:03.009046
2615	3	3	1	0:00:03.048801
2616	3	3	1	0:00:03.048042
2617	3	3	1	0:00:03.025059
2618	3	3	1	0:00:03.039732
2619	3	3	1	0:00:03.036664
2620	3	3	1	0:00:03.020070
2621	3	3	1	0:00:03.048144
2622	3	3	1	0:00:03.019410
2623	3	3	1	0:00:03.043886
2624	3	3	1	0:00:03.039532
2625	3	3	1	0:00:03.022369
2626	3	3	1	0:00:03.047593
2627	3	3	1	0:00:03.054329
2628	3	3	1	0:00:03.031866
2629	3	3	1	0:00:03.044359
2630	3	3	1	0:00:03.056329
2631	3	3	1	0:00:03.024153
2632	3	3	1	0:00:03.046599
2633	5	5	1	0:00:03.024434
2634	5	5	1	0:00:03.014578
2635	5	5	1	0:00:03.047281
2636	5	5	1	0:00:03.038395
2637	5	5	1	0:00:03.028286
2638	5	5	1	0:00:03.084984
2639	5	5	1	0:00:03.035063
2640	5	5	1	0:00:03.037789
2641	5	5	1	0:00:03.083825
2642	5	5	1	0:00:03.055937
2643	5	5	1	0:00:03.068108
2644	5	5	1	0:00:03.060878
2645	5	5	1	0:00:03.024776
2646	5	5	1	0:00:03.055614
2647	5	5	1	0:00:03.048373
2648	5	5	1	0:00:03.003680
2649	5	5	1	0:00:03.049402
2650	5	5	1	0:00:03.048088
2651	5	5	1	0:00:03.021799
2652	5	5	1	0:00:03.044062
2653	5	5	1	0:00:03.015178
2654	5	5	1	0:00:03.044712
2655	5	5	1	0:00:03.047686
2656	5	5	1	0:00:03.009080
2657	5	5	1	0:00:03.043359
2658	5	5	1	0:00:03.050307
2659	5	5	1	0:00:03.054469
2660	5	5	1	0:00:03.059734
2661	5	5	1	0:00:03.055486
2662	5	5	1	0:00:03.030686
2663	5	5	1	0:00:03.050467
2664	5	5	1	0:00:03.042763
2665	5	5	1	0:00:03.020492
2666	5	5	1	0:00:03.037012
2667	5	5	1	0:00:03.042619
2668	5	5	1	0:00:03.010978
2669	0	3	0	0:00:03.057509
2670	0	3	0	0:00:03.037737
2671	0	-1	0	0:00:03.043135
2672	0	-1	0	0:00:03.050881
2673	0	3	0	0:00:03.015343
2674	0	3	0	0:00:03.041998
2675	0	-1	0	0:00:03.040731
2676	0	3	0	0:00:03.019598
2677	0	3	0	0:00:03.042403
2678	0	3	0	0:00:03.048150
2679	0	3	0	0:00:03.004751
2680	0	3	0	0:00:03.050053
2681	0	-1	0	0:00:03.080899
2682	0	5	0	0:00:03.049956
2683	0	-1	0	0:00:03.067467
2684	0	-1	0	0:00:03.063020
2685	0	3	0	0:00:03.026209
2686	0	3	0	0:00:03.058277
2687	0	3	0	0:00:03.033415
2688	0	3	0	0:00:03.046884
2689	0	3	0	0:00:03.050859
2690	0	3	0	0:00:03.006933
2691	0	3	0	0:00:03.045531
2692	0	3	0	0:00:03.051051
2693	0	3	0	0:00:03.018405
2694	0	-1	0	0:00:03.038825
2695	0	-1	0	0:00:03.033760
2696	0	3	0	0:00:03.014890
2697	2	3	0	0:00:03.045075
2698	2	3	0	0:00:03.042017
2699	2	-1	0	0:00:03.064362
2700	2	-1	0	0:00:03.070424
2701	2	5	0	0:00:03.063786
2702	2	5	0	0:00:03.029995
2703	2	5	0	0:00:03.055423
2704	2	-1	0	0:00:03.001925
2705	2	3	0	0:00:03.073228
2706	2	-1	0	0:00:03.087782
2707	2	-1	0	0:00:03.029305
2708	2	3	0	0:00:03.052284
2709	2	5	0	0:00:03.053956
2710	2	-1	0	0:00:03.024598
2711	2	5	0	0:00:03.050381
2712	2	5	0	0:00:03.088583
2713	2	3	0	0:00:03.054982
2714	2	3	0	0:00:03.067831
2715	2	3	0	0:00:03.037237
2716	2	-1	0	0:00:03.055527
2717	2	-1	0	0:00:03.092399
2718	2	-1	0	0:00:03.043046
2719	2	5	0	0:00:03.077636
2720	2	5	0	0:00:03.064351
2721	2	5	0	0:00:03.049127
2722	2	-1	0	0:00:03.060103
2723	2	5	0	0:00:03.066636
2724	1	-1	0	0:00:03.038071
2725	1	-1	0	0:00:03.051104
2726	1	-1	0	0:00:03.051728
2727	1	-1	0	0:00:03.049699
2728	1	3	0	0:00:03.039938
2729	1	-1	0	0:00:03.039523
2730	1	-1	0	0:00:03.048847
2731	1	-1	0	0:00:03.048553
2732	1	3	0	0:00:03.040208
2733	1	-1	0	0:00:03.039883
2734	1	-1	0	0:00:03.051933
2735	1	-1	0	0:00:03.046567
2736	1	3	0	0:00:03.036878
2737	1	-1	0	0:00:03.042995
2738	1	-1	0	0:00:03.047557
2739	1	-1	0	0:00:03.050013
2740	1	3	0	0:00:03.040698
2741	1	-1	0	0:00:03.034451
2742	1	5	0	0:00:03.048588
2743	1	-1	0	0:00:03.048593
2744	1	-1	0	0:00:03.034520
2745	1	3	0	0:00:03.043434
2746	1	-1	0	0:00:03.055387
2747	1	5	0	0:00:03.049126
2748	1	5	0	0:00:03.040397
2749	1	-1	0	0:00:03.051892
2750	1	-1	0	0:00:03.044598
2751	1	-1	0	0:00:03.053188
2752	1	3	0	0:00:03.041560
2753	4	3	0	0:00:03.050325
2754	4	3	0	0:00:03.048514
2755	4	4	1	0:00:03.055414
2756	4	-1	0	0:00:03.038018
2757	4	4	1	0:00:03.072742
2758	4	4	1	0:00:03.037231
2759	4	4	1	0:00:03.057259
2760	4	4	1	0:00:03.050544
2761	4	4	1	0:00:03.059458
2762	4	4	1	0:00:03.055137
2763	4	-1	0	0:00:03.059021
2764	4	4	1	0:00:03.046598
2765	4	4	1	0:00:03.061241
2766	4	4	1	0:00:03.049268
2767	4	4	1	0:00:03.057789
2768	4	4	1	0:00:03.053807
2769	4	4	1	0:00:03.060602
2770	4	4	1	0:00:03.049119
2771	4	4	1	0:00:03.066002
2772	4	4	1	0:00:03.065946
2773	4	4	1	0:00:03.061259
2774	4	4	1	0:00:03.063778
2775	4	4	1	0:00:03.072095
2776	4	4	1	0:00:03.089309
2777	4	4	1	0:00:03.099773
2778	4	4	1	0:00:03.087799
2779	4	4	1	0:00:03.083340
2780	4	4	1	0:00:03.061077
2781	4	4	1	0:00:03.064725
2782	4	4	1	0:00:03.067225
2783	4	4	1	0:00:03.070583
2784	4	4	1	0:00:03.046124
2785	4	4	1	0:00:03.054506
2786	4	4	1	0:00:03.065003
2787	4	4	1	0:00:03.058461
2788	4	4	1	0:00:03.048694
2789	3	3	1	0:00:03.063129
2790	3	3	1	0:00:03.047209
2791	3	3	1	0:00:03.056238
2792	3	3	1	0:00:03.042247
2793	3	3	1	0:00:03.074143
2794	3	3	1	0:00:03.083867
2795	3	3	1	0:00:03.080404
2796	3	3	1	0:00:03.064816
2797	3	3	1	0:00:03.068934
2798	3	3	1	0:00:02.371663
2799	3	3	1	0:00:01.476503
2800	3	3	1	0:00:01.477590
2801	3	3	1	0:00:01.465989
2802	3	3	1	0:00:01.475087
2803	3	3	1	0:00:01.469396
2804	3	3	1	0:00:01.473879
2805	3	3	1	0:00:02.000021
2806	3	3	1	0:00:02.974687
2807	3	3	1	0:00:03.000301
2808	3	3	1	0:00:03.005653
2809	3	3	1	0:00:02.958723
2810	3	3	1	0:00:03.024340
2811	3	3	1	0:00:03.028613
2812	3	3	1	0:00:03.028241
2813	3	3	1	0:00:03.102260
2814	3	3	1	0:00:03.046607
2815	3	3	1	0:00:03.079549
2816	3	3	1	0:00:03.071514
2817	3	3	1	0:00:03.045030
2818	3	3	1	0:00:03.072714
2819	3	3	1	0:00:03.060876
2820	3	3	1	0:00:03.036693
2821	3	3	1	0:00:03.067843
2822	3	3	1	0:00:03.068554
2823	5	5	1	0:00:03.037460
2824	5	5	1	0:00:03.059109
2825	5	5	1	0:00:03.062567
2826	5	5	1	0:00:03.064738
2827	5	5	1	0:00:03.032734
2828	5	5	1	0:00:03.061650
2829	5	5	1	0:00:03.061869
2830	5	5	1	0:00:03.032979
2831	5	5	1	0:00:03.062640
2832	5	5	1	0:00:03.056884
2833	5	5	1	0:00:03.029792
2834	5	5	1	0:00:03.061245
2835	5	5	1	0:00:03.050972
2836	5	5	1	0:00:03.018358
2837	5	5	1	0:00:03.060245
2838	5	5	1	0:00:03.057343
2839	5	5	1	0:00:03.020479
2840	5	5	1	0:00:03.056073
2841	5	5	1	0:00:03.058903
2842	5	5	1	0:00:03.010405
2843	5	5	1	0:00:03.056672
2844	5	5	1	0:00:03.058707
2845	5	5	1	0:00:03.023176
2846	5	5	1	0:00:03.046995
2847	5	5	1	0:00:03.057605
2848	5	5	1	0:00:03.060992
2849	5	5	1	0:00:03.066245
2850	5	5	1	0:00:03.070066
2851	5	5	1	0:00:03.010386
2852	5	5	1	0:00:03.052590
2853	5	5	1	0:00:03.054358
2854	5	5	1	0:00:03.002608
2855	5	5	1	0:00:03.055538
2856	5	5	1	0:00:03.058092
2857	5	5	1	0:00:03.027306
2858	5	5	1	0:00:03.040077
2859	0	-1	0	0:00:03.048419
2860	0	-1	0	0:00:03.016386
2861	0	3	0	0:00:03.050358
2862	0	3	0	0:00:03.050717
2863	0	3	0	0:00:03.008559
2864	0	-1	0	0:00:03.031481
2865	0	5	0	0:00:03.031477
2866	0	-1	0	0:00:02.991311
2867	0	5	0	0:00:03.046947
2868	0	-1	0	0:00:03.044147
2869	0	-1	0	0:00:03.020186
2870	0	-1	0	0:00:03.041403
2871	0	3	0	0:00:03.044100
2872	0	3	0	0:00:03.015335
2873	0	-1	0	0:00:03.050581
2874	0	-1	0	0:00:03.039396
2875	0	5	0	0:00:03.007273
2876	0	-1	0	0:00:03.034448
2877	0	3	0	0:00:03.045341
2878	0	5	0	0:00:03.022519
2879	0	5	0	0:00:03.045958
2880	0	-1	0	0:00:03.045868
2881	0	-1	0	0:00:03.017241
2882	0	5	0	0:00:03.043236
2883	0	5	0	0:00:03.046950
2884	0	5	0	0:00:03.008432
2885	0	3	0	0:00:03.040860
2886	0	5	0	0:00:03.048886
2887	0	5	0	0:00:03.016214
2888	0	-1	0	0:00:03.035747
2889	2	-1	0	0:00:03.035988
2890	2	3	0	0:00:03.010773
2891	2	5	0	0:00:03.033587
2892	2	5	0	0:00:03.049446
2893	2	-1	0	0:00:03.003844
2894	2	5	0	0:00:03.042187
2895	2	5	0	0:00:03.034150
2896	2	3	0	0:00:03.024161
2897	2	3	0	0:00:03.091769
2898	2	3	0	0:00:03.058102
2899	2	-1	0	0:00:03.047565
2900	2	3	0	0:00:03.053039
2901	2	5	0	0:00:03.042487
2902	2	5	0	0:00:03.079433
2903	2	-1	0	0:00:03.099572
2904	2	3	0	0:00:03.054834
2905	2	3	0	0:00:03.068410
2906	2	-1	0	0:00:03.041725
2907	2	-1	0	0:00:03.042736
2908	1	-1	0	0:00:03.058143
2909	1	3	0	0:00:03.028709
2910	1	3	0	0:00:03.051050
2911	1	-1	0	0:00:03.045030
2912	1	3	0	0:00:03.016633
2913	1	-1	0	0:00:03.042270
2914	1	-1	0	0:00:03.052324
2915	1	-1	0	0:00:03.040866
2916	1	3	0	0:00:03.066573
2917	1	-1	0	0:00:03.067523
2918	1	5	0	0:00:03.018945
2919	1	-1	0	0:00:03.057545
2920	1	-1	0	0:00:03.059813
2921	1	5	0	0:00:03.004162
2922	1	-1	0	0:00:03.041671
2923	1	-1	0	0:00:03.056754
2924	1	-1	0	0:00:03.017965
2925	1	-1	0	0:00:03.034320
2926	1	-1	0	0:00:03.051312
2927	1	3	0	0:00:03.052958
2928	2	3	0	0:00:03.102349
2929	2	3	0	0:00:03.046557
2930	2	5	0	0:00:03.065321
2931	2	5	0	0:00:03.098530
2932	2	5	0	0:00:03.057523
2933	2	-1	0	0:00:03.063033
2934	2	-1	0	0:00:03.069195
2935	2	5	0	0:00:03.028448
2936	2	5	0	0:00:03.058771
2937	1	5	0	0:00:03.025846
2938	1	5	0	0:00:03.050071
2939	1	-1	0	0:00:03.054966
2940	1	-1	0	0:00:03.013318
2941	1	-1	0	0:00:03.054746
2942	1	-1	0	0:00:03.049369
2943	1	-1	0	0:00:03.016412
2944	1	3	0	0:00:03.081852
2945	1	3	0	0:00:03.072209
2946	1	-1	0	0:00:03.066324
